Dynamical matrix file
File generated with the CellConstructor by Lorenzo Monacelli
2 4 0     7.7856715999999997     0.0000000000000000     0.0000000000000000     0.0000000000000000     0.0000000000000000     0.0000000000000000
Basis vectors
    1.0181826119999999    -0.0000000000000000     0.0000000000000000
   -0.5090913060000000     0.8817720080000000     0.0000000000000000
   -0.0000000000000000     0.0000000000000000     1.1922574730000000
	1  'Cr '  47391.5460091019995161
	2  'Sb '  110977.4510409100039396
    1     1    -0.0000000000000000     0.0000000000000000     0.0000000000000000
    2     1    -0.0000000000000000    -0.0000000000000000     0.5961287367000000
    3     2    -0.0000000005000000     0.5878480057000000     0.2980643683000000
    4     2     0.5090913067000000     0.2939240024000000     0.8941931050000000

     Dynamical Matrix in cartesian axes

     q = (     0.000000000000     0.000000000000    -0.419372502000 )

    1    1
     0.1911326800021460    -0.0000000000000000        0.0000000000000000    -0.0000000000000000        0.0000000000000000    -0.0000000000000000
     0.0000000000000000     0.0000000000000000        0.1911326798649782    -0.0000000000000000        0.0000000000000002    -0.0000000000000000
     0.0000000000000000     0.0000000000000000        0.0000000000000002    -0.0000000000000000        0.1957204776424143     0.0000000000000000
    1    2
    -0.0000000000000000    -0.0000000000000000       -0.0000000000000000    -0.0000000000000000        0.0000000000000000     0.0000000000000000
    -0.0000000000000000    -0.0000000000000000       -0.0000000000000000    -0.0000000000000000        0.0000000000000000     0.0000000000000000
    -0.0000000000000000     0.0000000000000000       -0.0000000000000000     0.0000000000000000        0.0000000000000000     0.0000000000000000
    1    3
    -0.0728180243583217     0.0000000000000000        0.0000000000000000     0.0000000000000000       -0.0000000000000000     0.0000000000000000
    -0.0000000000000000    -0.0000000000000000       -0.0728180243060633     0.0000000000000000       -0.0000000000000000    -0.0000000000000000
    -0.0000000000000000    -0.0000000000000000       -0.0000000000000002     0.0000000000000000       -0.0266920398022205    -0.0000000000000000
    1    4
     0.0728180243583216    -0.0000000000000000        0.0000000000000000     0.0000000000000000        0.0000000000000000    -0.0000000000000000
    -0.0000000000000000     0.0000000000000000        0.0728180243060631    -0.0000000000000000        0.0000000000000000    -0.0000000000000000
    -0.0000000000000000    -0.0000000000000000        0.0000000000000002    -0.0000000000000000        0.0266920398022205    -0.0000000000000000
    2    1
    -0.0000000000000000     0.0000000000000000       -0.0000000000000000     0.0000000000000000       -0.0000000000000000     0.0000000000000000
    -0.0000000000000000     0.0000000000000000       -0.0000000000000000     0.0000000000000000       -0.0000000000000000    -0.0000000000000000
    -0.0000000000000000    -0.0000000000000000        0.0000000000000000    -0.0000000000000000        0.0000000000000000    -0.0000000000000000
    2    2
     0.1911326800021460     0.0000000000000000       -0.0000000000000000    -0.0000000000000000       -0.0000000000000000    -0.0000000000000000
    -0.0000000000000000     0.0000000000000000        0.1911326798649783     0.0000000000000000       -0.0000000000000002    -0.0000000000000000
    -0.0000000000000000    -0.0000000000000000       -0.0000000000000002     0.0000000000000000        0.1957204776424143     0.0000000000000000
    2    3
    -0.0728180243583217     0.0000000000000000        0.0000000000000000     0.0000000000000000        0.0000000000000000     0.0000000000000000
     0.0000000000000000    -0.0000000000000000       -0.0728180243060633     0.0000000000000000        0.0000000000000000    -0.0000000000000000
     0.0000000000000000    -0.0000000000000000        0.0000000000000002    -0.0000000000000000       -0.0266920398022205     0.0000000000000000
    2    4
    -0.0728180243583217     0.0000000000000000        0.0000000000000000     0.0000000000000000        0.0000000000000000    -0.0000000000000000
    -0.0000000000000000     0.0000000000000000       -0.0728180243060633     0.0000000000000000        0.0000000000000000    -0.0000000000000000
     0.0000000000000000     0.0000000000000000        0.0000000000000002     0.0000000000000000       -0.0266920398022205     0.0000000000000000
    3    1
    -0.0728180243583217    -0.0000000000000000       -0.0000000000000000     0.0000000000000000       -0.0000000000000000    -0.0000000000000000
     0.0000000000000000    -0.0000000000000000       -0.0728180243060633    -0.0000000000000000       -0.0000000000000002     0.0000000000000000
    -0.0000000000000000     0.0000000000000000       -0.0000000000000000     0.0000000000000000       -0.0266920398022205     0.0000000000000000
    3    2
    -0.0728180243583217    -0.0000000000000000        0.0000000000000000    -0.0000000000000000       -0.0000000000000000     0.0000000000000000
     0.0000000000000000     0.0000000000000000       -0.0728180243060633    -0.0000000000000000        0.0000000000000002     0.0000000000000000
     0.0000000000000000     0.0000000000000000        0.0000000000000000    -0.0000000000000000       -0.0266920398022205    -0.0000000000000000
    3    3
     0.1814677180983300     0.0000000000000000        0.0000000000000000     0.0000000000000000        0.0000000000000000     0.0000000000000000
     0.0000000000000000     0.0000000000000000        0.1814677179680985     0.0000000000000000       -0.0000000000000000     0.0000000000000000
     0.0000000000000000     0.0000000000000000        0.0000000000000000    -0.0000000000000000        0.1268868410611332    -0.0000000000000000
    3    4
     0.0000000000000000     0.0000000000000000       -0.0000000000000000     0.0000000000000000       -0.0000000000000000     0.0000000000000000
     0.0000000000000000    -0.0000000000000000        0.0000000000000000     0.0000000000000000        0.0000000000000005     0.0000000000000000
    -0.0000000000000000    -0.0000000000000000        0.0000000000000005     0.0000000000000000        0.0000000000000000    -0.0000000000000000
    4    1
     0.0728180243583216     0.0000000000000000       -0.0000000000000000    -0.0000000000000000        0.0000000000000000     0.0000000000000000
     0.0000000000000000     0.0000000000000000        0.0728180243060631     0.0000000000000000        0.0000000000000002    -0.0000000000000000
     0.0000000000000000     0.0000000000000000        0.0000000000000000     0.0000000000000000        0.0266920398022205     0.0000000000000000
    4    2
    -0.0728180243583217    -0.0000000000000000       -0.0000000000000000     0.0000000000000000       -0.0000000000000000     0.0000000000000000
     0.0000000000000000    -0.0000000000000000       -0.0728180243060633    -0.0000000000000000        0.0000000000000002    -0.0000000000000000
     0.0000000000000000    -0.0000000000000000        0.0000000000000000     0.0000000000000000       -0.0266920398022205    -0.0000000000000000
    4    3
     0.0000000000000000    -0.0000000000000000       -0.0000000000000000    -0.0000000000000000       -0.0000000000000000    -0.0000000000000000
     0.0000000000000000     0.0000000000000000        0.0000000000000000    -0.0000000000000000        0.0000000000000005    -0.0000000000000000
    -0.0000000000000000    -0.0000000000000000        0.0000000000000005     0.0000000000000000        0.0000000000000000     0.0000000000000000
    4    4
     0.1814677180983300     0.0000000000000000        0.0000000000000000    -0.0000000000000000        0.0000000000000000    -0.0000000000000000
     0.0000000000000000    -0.0000000000000000        0.1814677179680985    -0.0000000000000000        0.0000000000000000     0.0000000000000000
     0.0000000000000000     0.0000000000000000        0.0000000000000000    -0.0000000000000000        0.1268868410611331     0.0000000000000000

     Diagonalizing the dynamical matrix

     q = (     0.000000000000     0.000000000000    -0.419372502000 )

***************************************************************************
   freq (    1) =     3.24957004 [THz] =   108.39397337 [cm-1]
(  -0.000000  0.000000  -0.114209 -0.000117  -0.000000  0.000000 )
(   0.000000 -0.000000  -0.567945 -0.001104   0.000000  0.000000 )
(   0.000000 -0.000000  -0.678680 -0.001215   0.000000  0.000000 )
(   0.000000 -0.000000  -0.451425 -0.000982   0.000000  0.000000 )
   freq (    2) =     3.24957004 [THz] =   108.39397337 [cm-1]
(   0.000000  0.000000   0.567946 -0.000011   0.000000  0.000000 )
(   0.000000 -0.000000  -0.114209 -0.000103   0.000000  0.000000 )
(   0.000000 -0.000000   0.451426 -0.000113   0.000000  0.000000 )
(   0.000000 -0.000000  -0.678681 -0.000092  -0.000000  0.000000 )
   freq (    3) =     3.24957004 [THz] =   108.39397340 [cm-1]
(  -0.071670  0.000000   0.000000  0.000000   0.000000  0.000000 )
(  -0.574864  0.001227  -0.000000 -0.000000   0.000000  0.000000 )
(  -0.643241  0.001220  -0.000000 -0.000000   0.000000  0.000000 )
(  -0.500631  0.001220  -0.000000 -0.000000   0.000000  0.000000 )
   freq (    4) =     3.24957004 [THz] =   108.39397340 [cm-1]
(   0.574865  0.000000  -0.000000  0.000000   0.000000  0.000000 )
(  -0.071670  0.000153  -0.000000 -0.000000  -0.000000  0.000000 )
(   0.500633  0.000152  -0.000000 -0.000000   0.000000  0.000000 )
(  -0.643242  0.000152   0.000000 -0.000000  -0.000000  0.000000 )
   freq (    5) =     3.37948574 [THz] =   112.72749422 [cm-1]
(  -0.000000  0.000000   0.000000 -0.000000  -0.124654  0.000286 )
(   0.000000 -0.000000   0.000000  0.000000   0.217608  0.000534 )
(   0.000000 -0.000000   0.000000  0.000000   0.253716  0.002240 )
(   0.000000 -0.000000   0.000000  0.000000   0.934200  0.000678 )
   freq (    6) =     3.37948574 [THz] =   112.72749422 [cm-1]
(   0.000000  0.000000  -0.000000 -0.000000   0.217608  0.000457 )
(   0.000000 -0.000000   0.000000  0.000000   0.124652  0.000854 )
(   0.000000 -0.000000  -0.000000  0.000000   0.934194  0.003579 )
(   0.000000 -0.000000   0.000000  0.000000  -0.253723  0.001084 )
   freq (    7) =     6.75658859 [THz] =   225.37550375 [cm-1]
(   0.000000  0.000000   0.000000 -0.000000   0.007947 -0.000414 )
(  -0.000000  0.000000  -0.000000  0.000000  -0.992557  0.051742 )
(   0.000000 -0.000000   0.000000 -0.000000   0.077023 -0.004015 )
(   0.000000 -0.000000   0.000000 -0.000000   0.078266 -0.004080 )
   freq (    8) =     6.75658859 [THz] =   225.37550375 [cm-1]
(   0.000000  0.000000   0.000000  0.000000  -0.993904  0.000000 )
(   0.000000 -0.000000  -0.000000 -0.000000  -0.007958  0.000000 )
(  -0.000000  0.000000  -0.000000  0.000000   0.078372 -0.000000 )
(  -0.000000  0.000000   0.000000  0.000000  -0.077127 -0.000000 )
   freq (    9) =     7.12656754 [THz] =   237.71667145 [cm-1]
(   0.000000  0.000000  -0.795538  0.000176  -0.000000  0.000000 )
(  -0.000000  0.000000   0.531764  0.000265  -0.000000 -0.000000 )
(  -0.000000 -0.000000   0.056609 -0.000095   0.000000 -0.000000 )
(   0.000000 -0.000000  -0.284855 -0.000019  -0.000000  0.000000 )
   freq (   10) =     7.12656754 [THz] =   237.71667145 [cm-1]
(  -0.000000  0.000000   0.529338  0.050740   0.000000  0.000000 )
(   0.000000  0.000000   0.791853  0.076479  -0.000000 -0.000000 )
(  -0.000000 -0.000000  -0.283543 -0.027303   0.000000  0.000000 )
(  -0.000000 -0.000000  -0.056339 -0.005524   0.000000  0.000000 )
   freq (   11) =     7.12656755 [THz] =   237.71667153 [cm-1]
(   0.570439  0.000000  -0.000000  0.000000   0.000000  0.000000 )
(   0.768275 -0.002467  -0.000000  0.000000  -0.000000  0.000000 )
(  -0.287304  0.000529   0.000000 -0.000000  -0.000000 -0.000000 )
(  -0.042458  0.000529   0.000000 -0.000000   0.000000  0.000000 )
   freq (   12) =     7.12656755 [THz] =   237.71667153 [cm-1]
(  -0.768279  0.000000  -0.000000  0.000000   0.000000  0.000000 )
(   0.570436 -0.001832  -0.000000  0.000000  -0.000000  0.000000 )
(   0.042459  0.000393   0.000000 -0.000000  -0.000000 -0.000000 )
(  -0.287304  0.000393  -0.000000 -0.000000   0.000000  0.000000 )
***************************************************************************
