Dynamical matrix file
File generated with the CellConstructor by Lorenzo Monacelli
2 4 0     7.7856715999999997     0.0000000000000000     0.0000000000000000     0.0000000000000000     0.0000000000000000     0.0000000000000000
Basis vectors
    1.0181826119999999    -0.0000000000000000     0.0000000000000000
   -0.5090913060000000     0.8817720080000000     0.0000000000000000
   -0.0000000000000000     0.0000000000000000     1.1922574730000000
	1  'Cr '  47391.5460091019995161
	2  'Sb '  110977.4510409100039396
    1     1    -0.0000000000000000     0.0000000000000000     0.0000000000000000
    2     1    -0.0000000000000000    -0.0000000000000000     0.5961287367000000
    3     2    -0.0000000005000000     0.5878480057000000     0.2980643683000000
    4     2     0.5090913067000000     0.2939240024000000     0.8941931050000000

     Dynamical Matrix in cartesian axes

     q = (    -0.000000000000    -0.567040001000     0.000000000000 )

    1    1
     0.1905623822436425    -0.0000000000000000       -0.0000000000000000    -0.0000000000000000       -0.0000000000000000     0.0000000000000000
    -0.0000000000000000     0.0000000000000000        0.2110166815087957    -0.0000000000000000       -0.0098984491603084     0.0000000000000000
     0.0000000000000000     0.0000000000000000       -0.0098984491603084     0.0000000000000000        0.0673280827290673    -0.0000000000000000
    1    2
    -0.0341233885869533     0.0000000000000000       -0.0000000000000000     0.0000000000000000        0.0000000000000000    -0.0000000000000000
    -0.0000000000000000     0.0000000000000000       -0.0226628760269772    -0.0000000000000000       -0.0088888097257177    -0.0000000000000000
     0.0000000000000000     0.0000000000000000        0.0088888097257177    -0.0000000000000000        0.0183465379451711     0.0000000000000000
    1    3
     0.0759658083290101     0.0000000000000000       -0.0000000000000000     0.0000000000000000       -0.0000000000000000     0.0000000000000000
     0.0000000000000000    -0.0000000000000000       -0.0274927105143707    -0.0000000000000000       -0.0598051570059059    -0.0000000000000000
     0.0000000000000000    -0.0000000000000000       -0.0449046620046345     0.0000000000000000        0.0072970748797070    -0.0000000000000000
    1    4
    -0.0759658083290102     0.0000000000000000       -0.0000000000000000    -0.0000000000000000        0.0000000000000000     0.0000000000000000
     0.0000000000000000     0.0000000000000000        0.0274927105143708     0.0000000000000000        0.0598051570059060    -0.0000000000000000
    -0.0000000000000000     0.0000000000000000        0.0449046620046346    -0.0000000000000000       -0.0072970748797070     0.0000000000000000
    2    1
    -0.0341233885869533    -0.0000000000000000       -0.0000000000000000    -0.0000000000000000        0.0000000000000000    -0.0000000000000000
    -0.0000000000000000     0.0000000000000000       -0.0226628760269772    -0.0000000000000000        0.0088888097257177     0.0000000000000000
    -0.0000000000000000    -0.0000000000000000       -0.0088888097257177    -0.0000000000000000        0.0183465379451711     0.0000000000000000
    2    2
     0.1905623822436425     0.0000000000000000       -0.0000000000000000    -0.0000000000000000       -0.0000000000000000     0.0000000000000000
    -0.0000000000000000    -0.0000000000000000        0.2110166815087957    -0.0000000000000000        0.0098984491603084    -0.0000000000000000
    -0.0000000000000000     0.0000000000000000        0.0098984491603084     0.0000000000000000        0.0673280827290673    -0.0000000000000000
    2    3
     0.0759658083290101     0.0000000000000000       -0.0000000000000000     0.0000000000000000       -0.0000000000000000     0.0000000000000000
    -0.0000000000000000     0.0000000000000000       -0.0274927105143707    -0.0000000000000000        0.0598051570059059     0.0000000000000000
    -0.0000000000000000     0.0000000000000000        0.0449046620046345    -0.0000000000000000        0.0072970748797070     0.0000000000000000
    2    4
    -0.0759658083290103     0.0000000000000000       -0.0000000000000000    -0.0000000000000000       -0.0000000000000000    -0.0000000000000000
     0.0000000000000000    -0.0000000000000000        0.0274927105143708     0.0000000000000000       -0.0598051570059060     0.0000000000000000
     0.0000000000000000    -0.0000000000000000       -0.0449046620046346     0.0000000000000000       -0.0072970748797070     0.0000000000000000
    3    1
     0.0759658083290101     0.0000000000000000        0.0000000000000000     0.0000000000000000        0.0000000000000000     0.0000000000000000
     0.0000000000000000     0.0000000000000000       -0.0274927105143707     0.0000000000000000       -0.0449046620046346     0.0000000000000000
     0.0000000000000000    -0.0000000000000000       -0.0598051570059059     0.0000000000000000        0.0072970748797070    -0.0000000000000000
    3    2
     0.0759658083290101     0.0000000000000000       -0.0000000000000000    -0.0000000000000000       -0.0000000000000000    -0.0000000000000000
    -0.0000000000000000    -0.0000000000000000       -0.0274927105143707     0.0000000000000000        0.0449046620046346    -0.0000000000000000
    -0.0000000000000000    -0.0000000000000000        0.0598051570059059    -0.0000000000000000        0.0072970748797070    -0.0000000000000000
    3    3
     0.1820102058938085     0.0000000000000000       -0.0000000000000000    -0.0000000000000000       -0.0000000000000000    -0.0000000000000000
    -0.0000000000000000     0.0000000000000000        0.1933289532478660     0.0000000000000000        0.0000000000000000     0.0000000000000000
    -0.0000000000000000    -0.0000000000000000        0.0000000000000000    -0.0000000000000000        0.1179898933222459     0.0000000000000000
    3    4
    -0.0110241712950584    -0.0000000000000000       -0.0000000000000000     0.0000000000000000       -0.0000000000000000     0.0000000000000000
    -0.0000000000000000    -0.0000000000000000       -0.0061114478274839    -0.0000000000000000        0.0000000000000000    -0.0000000000000000
    -0.0000000000000000     0.0000000000000000        0.0000000000000000     0.0000000000000000        0.0011604497197305    -0.0000000000000000
    4    1
    -0.0759658083290102    -0.0000000000000000        0.0000000000000000    -0.0000000000000000       -0.0000000000000000    -0.0000000000000000
     0.0000000000000000     0.0000000000000000        0.0274927105143708    -0.0000000000000000        0.0449046620046345     0.0000000000000000
     0.0000000000000000    -0.0000000000000000        0.0598051570059060     0.0000000000000000       -0.0072970748797070    -0.0000000000000000
    4    2
    -0.0759658083290103    -0.0000000000000000        0.0000000000000000     0.0000000000000000        0.0000000000000000     0.0000000000000000
    -0.0000000000000000    -0.0000000000000000        0.0274927105143708    -0.0000000000000000       -0.0449046620046345    -0.0000000000000000
    -0.0000000000000000    -0.0000000000000000       -0.0598051570059060    -0.0000000000000000       -0.0072970748797070    -0.0000000000000000
    4    3
    -0.0110241712950584     0.0000000000000000        0.0000000000000000    -0.0000000000000000       -0.0000000000000000     0.0000000000000000
    -0.0000000000000000     0.0000000000000000       -0.0061114478274839     0.0000000000000000        0.0000000000000000     0.0000000000000000
    -0.0000000000000000    -0.0000000000000000        0.0000000000000000     0.0000000000000000        0.0011604497197305     0.0000000000000000
    4    4
     0.1820102058938085     0.0000000000000000        0.0000000000000000    -0.0000000000000000       -0.0000000000000000    -0.0000000000000000
    -0.0000000000000000    -0.0000000000000000        0.1933289532478660    -0.0000000000000000        0.0000000000000000    -0.0000000000000000
    -0.0000000000000000     0.0000000000000000        0.0000000000000000    -0.0000000000000000        0.1179898933222459    -0.0000000000000000

     Dynamical Matrix in cartesian axes

     q = (     0.491071046000     0.283520000000     0.000000000000 )

    1    1
     0.2059031068060856     0.0000000000000000        0.0088569714525122    -0.0000000000000000        0.0085723084339720    -0.0000000000000000
     0.0088569714525122     0.0000000000000000        0.1956759569573620    -0.0000000000000000        0.0049492245801545    -0.0000000000000000
     0.0085723084339720     0.0000000000000000        0.0049492245801545     0.0000000000000000        0.0673280827290673     0.0000000000000000
    1    2
    -0.0255280041791694    -0.0000000000000000        0.0049625474998417    -0.0000000000000000        0.0076979350346399     0.0000000000000000
     0.0049625474998417     0.0000000000000000       -0.0312582604285926    -0.0000000000000000        0.0044444048628588     0.0000000000000000
    -0.0076979350346399     0.0000000000000000       -0.0044444048628587     0.0000000000000000        0.0183465379451711    -0.0000000000000000
    1    3
     0.0016280808183231     0.0000000000000000        0.0447988527706078     0.0000000000000000       -0.0517927852630162     0.0000000000000000
     0.0447988527706078    -0.0000000000000000       -0.0501011785772771     0.0000000000000000       -0.0299025785029530     0.0000000000000000
    -0.0388885780583217    -0.0000000000000000       -0.0224523310023174    -0.0000000000000000       -0.0072970748797070    -0.0000000000000000
    1    4
    -0.0016280808183232    -0.0000000000000000       -0.0447988527706077    -0.0000000000000000        0.0517927852630162     0.0000000000000000
    -0.0447988527706077    -0.0000000000000000        0.0501011785772770     0.0000000000000000        0.0299025785029530     0.0000000000000000
     0.0388885780583216     0.0000000000000000        0.0224523310023174     0.0000000000000000        0.0072970748797070     0.0000000000000000
    2    1
    -0.0255280041791694     0.0000000000000000        0.0049625474998417    -0.0000000000000000       -0.0076979350346399    -0.0000000000000000
     0.0049625474998417     0.0000000000000000       -0.0312582604285926     0.0000000000000000       -0.0044444048628587    -0.0000000000000000
     0.0076979350346399    -0.0000000000000000        0.0044444048628587    -0.0000000000000000        0.0183465379451711    -0.0000000000000000
    2    2
     0.2059031068060856     0.0000000000000000        0.0088569714525122    -0.0000000000000000       -0.0085723084339720     0.0000000000000000
     0.0088569714525122    -0.0000000000000000        0.1956759569573620    -0.0000000000000000       -0.0049492245801545     0.0000000000000000
    -0.0085723084339720    -0.0000000000000000       -0.0049492245801545    -0.0000000000000000        0.0673280827290673     0.0000000000000000
    2    3
     0.0016280808183232     0.0000000000000000        0.0447988527706078     0.0000000000000000        0.0517927852630162     0.0000000000000000
     0.0447988527706078     0.0000000000000000       -0.0501011785772771     0.0000000000000000        0.0299025785029530     0.0000000000000000
     0.0388885780583217     0.0000000000000000        0.0224523310023174     0.0000000000000000       -0.0072970748797070     0.0000000000000000
    2    4
    -0.0016280808183232    -0.0000000000000000       -0.0447988527706077    -0.0000000000000000       -0.0517927852630162    -0.0000000000000000
    -0.0447988527706077    -0.0000000000000000        0.0501011785772770     0.0000000000000000       -0.0299025785029530    -0.0000000000000000
    -0.0388885780583216    -0.0000000000000000       -0.0224523310023173    -0.0000000000000000        0.0072970748797070     0.0000000000000000
    3    1
     0.0016280808183231    -0.0000000000000000        0.0447988527706078    -0.0000000000000000       -0.0388885780583217    -0.0000000000000000
     0.0447988527706078     0.0000000000000000       -0.0501011785772771     0.0000000000000000       -0.0224523310023174     0.0000000000000000
    -0.0517927852630162    -0.0000000000000000       -0.0299025785029530    -0.0000000000000000       -0.0072970748797070    -0.0000000000000000
    3    2
     0.0016280808183232    -0.0000000000000000        0.0447988527706078    -0.0000000000000000        0.0388885780583217     0.0000000000000000
     0.0447988527706078     0.0000000000000000       -0.0501011785772771     0.0000000000000000        0.0224523310023174    -0.0000000000000000
     0.0517927852630162    -0.0000000000000000        0.0299025785029530    -0.0000000000000000       -0.0072970748797070     0.0000000000000000
    3    3
     0.1904992665134093     0.0000000000000000        0.0049011614321349     0.0000000000000000       -0.0000000000000000     0.0000000000000000
     0.0049011614321349     0.0000000000000000        0.1848398926343573    -0.0000000000000000       -0.0000000000000000     0.0000000000000000
    -0.0000000000000000    -0.0000000000000000       -0.0000000000000000     0.0000000000000000        0.1179898933222461     0.0000000000000000
    3    4
    -0.0073396286976672     0.0000000000000000        0.0021272716596812     0.0000000000000000       -0.0000000000000000    -0.0000000000000000
     0.0021272716596812     0.0000000000000000       -0.0097959904222310     0.0000000000000000       -0.0000000000000000    -0.0000000000000000
    -0.0000000000000000    -0.0000000000000000       -0.0000000000000000    -0.0000000000000000        0.0011604497197307     0.0000000000000000
    4    1
    -0.0016280808183232     0.0000000000000000       -0.0447988527706077     0.0000000000000000        0.0388885780583216    -0.0000000000000000
    -0.0447988527706077     0.0000000000000000        0.0501011785772770    -0.0000000000000000        0.0224523310023173    -0.0000000000000000
     0.0517927852630161    -0.0000000000000000        0.0299025785029530    -0.0000000000000000        0.0072970748797070    -0.0000000000000000
    4    2
    -0.0016280808183232     0.0000000000000000       -0.0447988527706077     0.0000000000000000       -0.0388885780583216     0.0000000000000000
    -0.0447988527706077     0.0000000000000000        0.0501011785772770    -0.0000000000000000       -0.0224523310023173     0.0000000000000000
    -0.0517927852630162     0.0000000000000000       -0.0299025785029530     0.0000000000000000        0.0072970748797070    -0.0000000000000000
    4    3
    -0.0073396286976672    -0.0000000000000000        0.0021272716596812    -0.0000000000000000       -0.0000000000000000     0.0000000000000000
     0.0021272716596812    -0.0000000000000000       -0.0097959904222310    -0.0000000000000000       -0.0000000000000000     0.0000000000000000
    -0.0000000000000000     0.0000000000000000       -0.0000000000000000     0.0000000000000000        0.0011604497197307    -0.0000000000000000
    4    4
     0.1904992665134092    -0.0000000000000000        0.0049011614321349     0.0000000000000000       -0.0000000000000000    -0.0000000000000000
     0.0049011614321349    -0.0000000000000000        0.1848398926343573     0.0000000000000000       -0.0000000000000000    -0.0000000000000000
    -0.0000000000000000    -0.0000000000000000       -0.0000000000000000     0.0000000000000000        0.1179898933222461     0.0000000000000000

     Dynamical Matrix in cartesian axes

     q = (    -0.491071046000     0.283520000000    -0.000000000000 )

    1    1
     0.2059031068060856     0.0000000000000000       -0.0088569714525122     0.0000000000000000       -0.0085723084339720     0.0000000000000000
    -0.0088569714525122     0.0000000000000000        0.1956759569573620     0.0000000000000000        0.0049492245801545     0.0000000000000000
    -0.0085723084339720    -0.0000000000000000        0.0049492245801545     0.0000000000000000        0.0673280827290673     0.0000000000000000
    1    2
    -0.0255280041791694     0.0000000000000000       -0.0049625474998417     0.0000000000000000       -0.0076979350346399    -0.0000000000000000
    -0.0049625474998417    -0.0000000000000000       -0.0312582604285926     0.0000000000000000        0.0044444048628588    -0.0000000000000000
     0.0076979350346399    -0.0000000000000000       -0.0044444048628587    -0.0000000000000000        0.0183465379451711     0.0000000000000000
    1    3
     0.0016280808183231    -0.0000000000000000       -0.0447988527706078    -0.0000000000000000        0.0517927852630162     0.0000000000000000
    -0.0447988527706078    -0.0000000000000000       -0.0501011785772771    -0.0000000000000000       -0.0299025785029530    -0.0000000000000000
     0.0388885780583217     0.0000000000000000       -0.0224523310023174    -0.0000000000000000       -0.0072970748797070     0.0000000000000000
    1    4
     0.0016280808183232    -0.0000000000000000       -0.0447988527706078     0.0000000000000000        0.0517927852630162    -0.0000000000000000
    -0.0447988527706078     0.0000000000000000       -0.0501011785772771    -0.0000000000000000       -0.0299025785029530     0.0000000000000000
     0.0388885780583217    -0.0000000000000000       -0.0224523310023174     0.0000000000000000       -0.0072970748797070    -0.0000000000000000
    2    1
    -0.0255280041791694    -0.0000000000000000       -0.0049625474998417     0.0000000000000000        0.0076979350346399     0.0000000000000000
    -0.0049625474998417    -0.0000000000000000       -0.0312582604285926     0.0000000000000000       -0.0044444048628588     0.0000000000000000
    -0.0076979350346399     0.0000000000000000        0.0044444048628587    -0.0000000000000000        0.0183465379451711    -0.0000000000000000
    2    2
     0.2059031068060856     0.0000000000000000       -0.0088569714525122     0.0000000000000000        0.0085723084339720    -0.0000000000000000
    -0.0088569714525123    -0.0000000000000000        0.1956759569573620     0.0000000000000000       -0.0049492245801545    -0.0000000000000000
     0.0085723084339720     0.0000000000000000       -0.0049492245801546    -0.0000000000000000        0.0673280827290673    -0.0000000000000000
    2    3
     0.0016280808183232    -0.0000000000000000       -0.0447988527706078    -0.0000000000000000       -0.0517927852630162     0.0000000000000000
    -0.0447988527706078    -0.0000000000000000       -0.0501011785772771    -0.0000000000000000        0.0299025785029530    -0.0000000000000000
    -0.0388885780583217    -0.0000000000000000        0.0224523310023174    -0.0000000000000000       -0.0072970748797070    -0.0000000000000000
    2    4
     0.0016280808183232    -0.0000000000000000       -0.0447988527706078     0.0000000000000000       -0.0517927852630162     0.0000000000000000
    -0.0447988527706078     0.0000000000000000       -0.0501011785772771    -0.0000000000000000        0.0299025785029530    -0.0000000000000000
    -0.0388885780583217     0.0000000000000000        0.0224523310023174    -0.0000000000000000       -0.0072970748797070    -0.0000000000000000
    3    1
     0.0016280808183232     0.0000000000000000       -0.0447988527706078     0.0000000000000000        0.0388885780583216     0.0000000000000000
    -0.0447988527706078     0.0000000000000000       -0.0501011785772771     0.0000000000000000       -0.0224523310023173    -0.0000000000000000
     0.0517927852630162    -0.0000000000000000       -0.0299025785029530    -0.0000000000000000       -0.0072970748797070     0.0000000000000000
    3    2
     0.0016280808183232     0.0000000000000000       -0.0447988527706078    -0.0000000000000000       -0.0388885780583216    -0.0000000000000000
    -0.0447988527706078     0.0000000000000000       -0.0501011785772771     0.0000000000000000        0.0224523310023173     0.0000000000000000
    -0.0517927852630162     0.0000000000000000        0.0299025785029530     0.0000000000000000       -0.0072970748797070    -0.0000000000000000
    3    3
     0.1904992665134092    -0.0000000000000000       -0.0049011614321349    -0.0000000000000000        0.0000000000000000    -0.0000000000000000
    -0.0049011614321349    -0.0000000000000000        0.1848398926343573     0.0000000000000000       -0.0000000000000000     0.0000000000000000
     0.0000000000000000    -0.0000000000000000       -0.0000000000000000     0.0000000000000000        0.1179898933222461    -0.0000000000000000
    3    4
     0.0073396286976672     0.0000000000000000        0.0021272716596811    -0.0000000000000000        0.0000000000000000     0.0000000000000000
     0.0021272716596811    -0.0000000000000000        0.0097959904222310     0.0000000000000000        0.0000000000000000     0.0000000000000000
    -0.0000000000000000     0.0000000000000000        0.0000000000000000     0.0000000000000000       -0.0011604497197307    -0.0000000000000000
    4    1
     0.0016280808183231     0.0000000000000000       -0.0447988527706078    -0.0000000000000000        0.0388885780583218     0.0000000000000000
    -0.0447988527706078    -0.0000000000000000       -0.0501011785772771     0.0000000000000000       -0.0224523310023174    -0.0000000000000000
     0.0517927852630162     0.0000000000000000       -0.0299025785029530    -0.0000000000000000       -0.0072970748797070     0.0000000000000000
    4    2
     0.0016280808183232     0.0000000000000000       -0.0447988527706078    -0.0000000000000000       -0.0388885780583218    -0.0000000000000000
    -0.0447988527706078    -0.0000000000000000       -0.0501011785772771     0.0000000000000000        0.0224523310023174     0.0000000000000000
    -0.0517927852630162    -0.0000000000000000        0.0299025785029530     0.0000000000000000       -0.0072970748797070     0.0000000000000000
    4    3
     0.0073396286976673    -0.0000000000000000        0.0021272716596811     0.0000000000000000       -0.0000000000000000    -0.0000000000000000
     0.0021272716596811     0.0000000000000000        0.0097959904222310    -0.0000000000000000        0.0000000000000000     0.0000000000000000
    -0.0000000000000000    -0.0000000000000000        0.0000000000000000    -0.0000000000000000       -0.0011604497197307     0.0000000000000000
    4    4
     0.1904992665134092     0.0000000000000000       -0.0049011614321349    -0.0000000000000000       -0.0000000000000000     0.0000000000000000
    -0.0049011614321349     0.0000000000000000        0.1848398926343573    -0.0000000000000000       -0.0000000000000000    -0.0000000000000000
     0.0000000000000000     0.0000000000000000       -0.0000000000000000    -0.0000000000000000        0.1179898933222461     0.0000000000000000

     Diagonalizing the dynamical matrix

     q = (    -0.000000000000    -0.567040001000     0.000000000000 )

***************************************************************************
   freq (    1) =     0.81662114 [THz] =    27.23954538 [cm-1]
(   0.000000  0.000000   0.097902 -0.000000   0.623567 -0.000000 )
(   0.000000  0.000000   0.097902 -0.000000  -0.623567  0.000000 )
(   0.000000 -0.000000   0.318715 -0.000000  -0.000000  0.000000 )
(   0.000000 -0.000000  -0.318715  0.000000   0.000000  0.000000 )
   freq (    2) =     1.75457899 [THz] =    58.52644709 [cm-1]
(   0.514975  0.000000   0.000000  0.000000  -0.000000  0.000000 )
(   0.514975 -0.000000  -0.000000  0.000000   0.000000 -0.000000 )
(  -0.484562  0.000000  -0.000000  0.000000   0.000000  0.000000 )
(   0.484562  0.000000  -0.000000 -0.000000  -0.000000 -0.000000 )
   freq (    3) =     2.19245272 [THz] =    73.13234038 [cm-1]
(   0.000000  0.000000  -0.343488 -0.000000   0.039437  0.000000 )
(   0.000000 -0.000000   0.343488  0.000000   0.039437  0.000000 )
(  -0.000000  0.000000  -0.000000  0.000000  -0.616815 -0.000000 )
(   0.000000  0.000000   0.000000 -0.000000   0.616815  0.000000 )
   freq (    4) =     3.40883162 [THz] =   113.70636735 [cm-1]
(   0.000000  0.000000   0.000000  0.000000   0.000000  0.000000 )
(  -0.000000  0.000000   0.000000 -0.000000  -0.000000  0.000000 )
(  -0.000000 -0.000000   0.000000  0.000000  -0.707107  0.000000 )
(  -0.000000 -0.000000  -0.000000  0.000000  -0.707107  0.000000 )
   freq (    5) =     4.08355324 [THz] =   136.21265460 [cm-1]
(   0.000000  0.000000   0.000000 -0.000000   0.000000 -0.000000 )
(   0.000000 -0.000000  -0.000000  0.000000   0.000000 -0.000000 )
(  -0.707032 -0.010300   0.000000 -0.000000  -0.000000  0.000000 )
(  -0.707032 -0.010300   0.000000 -0.000000   0.000000 -0.000000 )
   freq (    6) =     4.27298264 [THz] =   142.53133852 [cm-1]
(   0.000000  0.000000  -0.000000 -0.000000  -0.000000 -0.000000 )
(  -0.000000 -0.000000   0.000000  0.000000  -0.000000 -0.000000 )
(  -0.000000 -0.000000  -0.707107 -0.000000   0.000000  0.000000 )
(  -0.000000 -0.000000  -0.707107 -0.000000  -0.000000  0.000000 )
   freq (    7) =     4.36234195 [THz] =   145.51204363 [cm-1]
(   0.000000  0.000000  -0.086560  0.000000  -0.701787  0.000000 )
(   0.000000 -0.000000   0.086560 -0.000000  -0.701787  0.000000 )
(  -0.000000 -0.000000   0.000000 -0.000000   0.001423 -0.000000 )
(  -0.000000 -0.000000   0.000000 -0.000000  -0.001423  0.000000 )
   freq (    8) =     5.18665563 [THz] =   173.00818458 [cm-1]
(   0.000000  0.000000  -0.295517 -0.000000   0.511519  0.000000 )
(  -0.000000 -0.000000  -0.295517 -0.000000  -0.511519 -0.000000 )
(  -0.000000 -0.000000  -0.388610 -0.000000   0.000000  0.000000 )
(  -0.000000 -0.000000   0.388610  0.000000   0.000000  0.000000 )
   freq (    9) =     6.78850137 [THz] =   226.43999916 [cm-1]
(  -0.000000  0.000000   0.680371  0.000000   0.094229  0.000000 )
(   0.000000  0.000000   0.680371  0.000000  -0.094229 -0.000000 )
(  -0.000000 -0.000000  -0.167977 -0.000000   0.000000  0.000000 )
(  -0.000000 -0.000000   0.167977  0.000000  -0.000000  0.000000 )
   freq (   10) =     7.16329144 [THz] =   238.94164869 [cm-1]
(  -0.707107  0.000000  -0.000000 -0.000000   0.000000  0.000000 )
(   0.707107 -0.000000  -0.000000 -0.000000  -0.000000  0.000000 )
(   0.000000 -0.000000  -0.000000 -0.000000  -0.000000  0.000000 )
(  -0.000000  0.000000  -0.000000 -0.000000   0.000000 -0.000000 )
   freq (   11) =     7.17453623 [THz] =   239.31673430 [cm-1]
(  -0.643897  0.000000   0.000000 -0.000000  -0.000000 -0.000000 )
(  -0.643897  0.000000  -0.000000 -0.000000   0.000000 -0.000000 )
(  -0.292227 -0.000000   0.000000  0.000000  -0.000000  0.000000 )
(   0.292227  0.000000  -0.000000 -0.000000   0.000000 -0.000000 )
   freq (   12) =     7.77750657 [THz] =   259.42965694 [cm-1]
(   0.000000  0.000000   0.682414 -0.000000  -0.084952  0.000000 )
(   0.000000  0.000000  -0.682414  0.000000  -0.084952  0.000000 )
(   0.000000 -0.000000  -0.000000  0.000000  -0.164602  0.000000 )
(  -0.000000 -0.000000   0.000000 -0.000000   0.164602 -0.000000 )
***************************************************************************
