Dynamical matrix file
File generated with the CellConstructor by Lorenzo Monacelli
2 4 0     7.7856715999999997     0.0000000000000000     0.0000000000000000     0.0000000000000000     0.0000000000000000     0.0000000000000000
Basis vectors
    1.0181826119999999    -0.0000000000000000     0.0000000000000000
   -0.5090913060000000     0.8817720080000000     0.0000000000000000
   -0.0000000000000000     0.0000000000000000     1.1922574730000000
	1  'Cr '  47391.5460091019995161
	2  'Sb '  110977.4510409100039396
    1     1    -0.0000000000000000     0.0000000000000000     0.0000000000000000
    2     1    -0.0000000000000000    -0.0000000000000000     0.5961287367000000
    3     2    -0.0000000005000000     0.5878480057000000     0.2980643683000000
    4     2     0.5090913067000000     0.2939240024000000     0.8941931050000000

     Dynamical Matrix in cartesian axes

     q = (    -0.000000000000    -0.567040001000    -0.419372502000 )

    1    1
     0.1828553978654941    -0.0000000000000000        0.0000000000000000    -0.0000000000000000       -0.0000000000000000     0.0000000000000000
     0.0000000000000000     0.0000000000000000        0.1943899362153153     0.0000000000000000       -0.0056821561357241    -0.0000000000000000
    -0.0000000000000000     0.0000000000000000       -0.0056821561357242     0.0000000000000000        0.1891757398055452    -0.0000000000000000
    1    2
    -0.0000000000000000    -0.0000000000000000       -0.0000000000000000    -0.0000000000000000        0.0000000000000000    -0.0000000000000000
     0.0000000000000000    -0.0000000000000000       -0.0000000000000000    -0.0000000000000000       -0.0000000000000000    -0.0000000000000000
    -0.0000000000000000     0.0000000000000000       -0.0000000000000000     0.0000000000000000        0.0000000000000000     0.0000000000000000
    1    3
     0.0839903724965999     0.0000000000000000       -0.0000000000000000     0.0000000000000000       -0.0000000000000000     0.0000000000000000
    -0.0000000000000000    -0.0000000000000000       -0.0250286350247445     0.0000000000000000       -0.0610923819442233     0.0000000000000000
     0.0000000000000000     0.0000000000000000       -0.0612722548526235    -0.0000000000000000        0.0119959679273532    -0.0000000000000000
    1    4
     0.0839903724965998    -0.0000000000000000       -0.0000000000000000     0.0000000000000000        0.0000000000000000    -0.0000000000000000
    -0.0000000000000000     0.0000000000000000       -0.0250286350247444    -0.0000000000000000       -0.0610923819442232     0.0000000000000000
     0.0000000000000000    -0.0000000000000000       -0.0612722548526234     0.0000000000000000        0.0119959679273532     0.0000000000000000
    2    1
    -0.0000000000000000     0.0000000000000000       -0.0000000000000000     0.0000000000000000       -0.0000000000000000     0.0000000000000000
     0.0000000000000000     0.0000000000000000       -0.0000000000000000     0.0000000000000000       -0.0000000000000000    -0.0000000000000000
    -0.0000000000000000    -0.0000000000000000       -0.0000000000000000     0.0000000000000000       -0.0000000000000000    -0.0000000000000000
    2    2
     0.1828553978654941     0.0000000000000000        0.0000000000000000    -0.0000000000000000       -0.0000000000000000    -0.0000000000000000
     0.0000000000000000    -0.0000000000000000        0.1943899362153153    -0.0000000000000000        0.0056821561357241    -0.0000000000000000
    -0.0000000000000000    -0.0000000000000000        0.0056821561357241    -0.0000000000000000        0.1891757398055452    -0.0000000000000000
    2    3
     0.0839903724966001    -0.0000000000000000        0.0000000000000000    -0.0000000000000000       -0.0000000000000000    -0.0000000000000000
     0.0000000000000000    -0.0000000000000000       -0.0250286350247445    -0.0000000000000000        0.0610923819442235    -0.0000000000000000
    -0.0000000000000000    -0.0000000000000000        0.0612722548526237    -0.0000000000000000        0.0119959679273532     0.0000000000000000
    2    4
    -0.0839903724966001     0.0000000000000000        0.0000000000000000    -0.0000000000000000        0.0000000000000000     0.0000000000000000
     0.0000000000000000    -0.0000000000000000        0.0250286350247445     0.0000000000000000       -0.0610923819442234     0.0000000000000000
     0.0000000000000000     0.0000000000000000       -0.0612722548526236     0.0000000000000000       -0.0119959679273532    -0.0000000000000000
    3    1
     0.0839903724965999     0.0000000000000000       -0.0000000000000000     0.0000000000000000       -0.0000000000000000     0.0000000000000000
    -0.0000000000000000    -0.0000000000000000       -0.0250286350247445    -0.0000000000000000       -0.0612722548526235     0.0000000000000000
    -0.0000000000000000    -0.0000000000000000       -0.0610923819442233    -0.0000000000000000        0.0119959679273532     0.0000000000000000
    3    2
     0.0839903724966001     0.0000000000000000       -0.0000000000000000    -0.0000000000000000        0.0000000000000000    -0.0000000000000000
    -0.0000000000000000    -0.0000000000000000       -0.0250286350247445     0.0000000000000000        0.0612722548526237     0.0000000000000000
    -0.0000000000000000    -0.0000000000000000        0.0610923819442234     0.0000000000000000        0.0119959679273532    -0.0000000000000000
    3    3
     0.1846631660435832     0.0000000000000000       -0.0000000000000000    -0.0000000000000000       -0.0000000000000000     0.0000000000000000
    -0.0000000000000000    -0.0000000000000000        0.2052365327328749    -0.0000000000000000       -0.0000000000000000    -0.0000000000000000
    -0.0000000000000000    -0.0000000000000000       -0.0000000000000000     0.0000000000000000        0.1216605141464830    -0.0000000000000000
    3    4
    -0.0000000000000000    -0.0000000000000000        0.0000000000000000    -0.0000000000000000        0.0000000000000000     0.0000000000000000
     0.0000000000000000     0.0000000000000000       -0.0000000000000000     0.0000000000000000        0.0309049656953368    -0.0000000000000000
     0.0000000000000000     0.0000000000000000        0.0309049656953368    -0.0000000000000000       -0.0000000000000000     0.0000000000000000
    4    1
     0.0839903724965998     0.0000000000000000       -0.0000000000000000    -0.0000000000000000        0.0000000000000000     0.0000000000000000
    -0.0000000000000000     0.0000000000000000       -0.0250286350247444     0.0000000000000000       -0.0612722548526234    -0.0000000000000000
    -0.0000000000000000    -0.0000000000000000       -0.0610923819442232    -0.0000000000000000        0.0119959679273532    -0.0000000000000000
    4    2
    -0.0839903724966001    -0.0000000000000000        0.0000000000000000     0.0000000000000000        0.0000000000000000     0.0000000000000000
     0.0000000000000000    -0.0000000000000000        0.0250286350247445    -0.0000000000000000       -0.0612722548526237    -0.0000000000000000
    -0.0000000000000000    -0.0000000000000000       -0.0610923819442234    -0.0000000000000000       -0.0119959679273532     0.0000000000000000
    4    3
    -0.0000000000000000     0.0000000000000000        0.0000000000000000    -0.0000000000000000        0.0000000000000000    -0.0000000000000000
    -0.0000000000000000    -0.0000000000000000       -0.0000000000000000    -0.0000000000000000        0.0309049656953368     0.0000000000000000
     0.0000000000000000    -0.0000000000000000        0.0309049656953368     0.0000000000000000       -0.0000000000000000    -0.0000000000000000
    4    4
     0.1846631660435832    -0.0000000000000000       -0.0000000000000000     0.0000000000000000       -0.0000000000000000    -0.0000000000000000
    -0.0000000000000000     0.0000000000000000        0.2052365327328749     0.0000000000000000       -0.0000000000000000    -0.0000000000000000
    -0.0000000000000000     0.0000000000000000       -0.0000000000000000    -0.0000000000000000        0.1216605141464829     0.0000000000000000

     Dynamical Matrix in cartesian axes

     q = (     0.491071046000     0.283520000000     0.419372502000 )

    1    1
     0.1915063017324889    -0.0000000000000000        0.0049946016745508    -0.0000000000000000        0.0049208915635726     0.0000000000000000
     0.0049946016745508    -0.0000000000000000        0.1857390323545289    -0.0000000000000000        0.0028410780678623     0.0000000000000000
     0.0049208915635726     0.0000000000000000        0.0028410780678623     0.0000000000000000        0.1891757398055450     0.0000000000000000
    1    2
    -0.0000000000000000     0.0000000000000000        0.0000000000000000    -0.0000000000000000        0.0000000000000000     0.0000000000000000
    -0.0000000000000000    -0.0000000000000000       -0.0000000000000000     0.0000000000000000       -0.0000000000000000    -0.0000000000000000
     0.0000000000000000    -0.0000000000000000        0.0000000000000000     0.0000000000000000       -0.0000000000000000    -0.0000000000000000
    1    3
    -0.0022261168421203    -0.0000000000000000        0.0472066149952641     0.0000000000000000       -0.0529075547603840     0.0000000000000000
     0.0472066149952642     0.0000000000000000       -0.0567356205710568     0.0000000000000000       -0.0305461909721118     0.0000000000000000
    -0.0530633292685673     0.0000000000000000       -0.0306361274263120     0.0000000000000000       -0.0119959679273533     0.0000000000000000
    1    4
    -0.0022261168421203    -0.0000000000000000        0.0472066149952640     0.0000000000000000       -0.0529075547603839    -0.0000000000000000
     0.0472066149952641     0.0000000000000000       -0.0567356205710567    -0.0000000000000000       -0.0305461909721117    -0.0000000000000000
    -0.0530633292685672    -0.0000000000000000       -0.0306361274263119    -0.0000000000000000       -0.0119959679273533     0.0000000000000000
    2    1
    -0.0000000000000000    -0.0000000000000000        0.0000000000000000     0.0000000000000000        0.0000000000000000     0.0000000000000000
     0.0000000000000000     0.0000000000000000       -0.0000000000000000    -0.0000000000000000        0.0000000000000000    -0.0000000000000000
    -0.0000000000000000    -0.0000000000000000        0.0000000000000000     0.0000000000000000       -0.0000000000000000     0.0000000000000000
    2    2
     0.1915063017324889     0.0000000000000000        0.0049946016745508     0.0000000000000000       -0.0049208915635726    -0.0000000000000000
     0.0049946016745508    -0.0000000000000000        0.1857390323545290    -0.0000000000000000       -0.0028410780678623     0.0000000000000000
    -0.0049208915635726     0.0000000000000000       -0.0028410780678623    -0.0000000000000000        0.1891757398055450    -0.0000000000000000
    2    3
    -0.0022261168421203    -0.0000000000000000        0.0472066149952642     0.0000000000000000        0.0529075547603841     0.0000000000000000
     0.0472066149952643     0.0000000000000000       -0.0567356205710569    -0.0000000000000000        0.0305461909721118     0.0000000000000000
     0.0530633292685674     0.0000000000000000        0.0306361274263121     0.0000000000000000       -0.0119959679273533     0.0000000000000000
    2    4
     0.0022261168421203     0.0000000000000000       -0.0472066149952641    -0.0000000000000000       -0.0529075547603840    -0.0000000000000000
    -0.0472066149952641    -0.0000000000000000        0.0567356205710568     0.0000000000000000       -0.0305461909721118    -0.0000000000000000
    -0.0530633292685673    -0.0000000000000000       -0.0306361274263120    -0.0000000000000000        0.0119959679273533    -0.0000000000000000
    3    1
    -0.0022261168421203     0.0000000000000000        0.0472066149952642     0.0000000000000000       -0.0530633292685673    -0.0000000000000000
     0.0472066149952641     0.0000000000000000       -0.0567356205710568     0.0000000000000000       -0.0306361274263120    -0.0000000000000000
    -0.0529075547603840    -0.0000000000000000       -0.0305461909721118    -0.0000000000000000       -0.0119959679273533    -0.0000000000000000
    3    2
    -0.0022261168421203     0.0000000000000000        0.0472066149952643    -0.0000000000000000        0.0530633292685674    -0.0000000000000000
     0.0472066149952642    -0.0000000000000000       -0.0567356205710569     0.0000000000000000        0.0306361274263121    -0.0000000000000000
     0.0529075547603841    -0.0000000000000000        0.0305461909721118    -0.0000000000000000       -0.0119959679273533    -0.0000000000000000
    3    3
     0.2000931911710193     0.0000000000000000        0.0089085291577313     0.0000000000000000       -0.0000000000000000    -0.0000000000000000
     0.0089085291577313     0.0000000000000000        0.1898065076165128     0.0000000000000000        0.0000000000000000     0.0000000000000000
     0.0000000000000000     0.0000000000000000        0.0000000000000000    -0.0000000000000000        0.1216605141464834     0.0000000000000000
    3    4
    -0.0000000000000000    -0.0000000000000000        0.0000000000000000    -0.0000000000000000       -0.0267644854048526    -0.0000000000000000
    -0.0000000000000000    -0.0000000000000000       -0.0000000000000000    -0.0000000000000000       -0.0154524828476688    -0.0000000000000000
    -0.0267644854048526    -0.0000000000000000       -0.0154524828476688    -0.0000000000000000       -0.0000000000000000    -0.0000000000000000
    4    1
    -0.0022261168421203     0.0000000000000000        0.0472066149952640    -0.0000000000000000       -0.0530633292685672     0.0000000000000000
     0.0472066149952640    -0.0000000000000000       -0.0567356205710567     0.0000000000000000       -0.0306361274263119     0.0000000000000000
    -0.0529075547603839     0.0000000000000000       -0.0305461909721117     0.0000000000000000       -0.0119959679273533    -0.0000000000000000
    4    2
     0.0022261168421203    -0.0000000000000000       -0.0472066149952641     0.0000000000000000       -0.0530633292685673     0.0000000000000000
    -0.0472066149952641     0.0000000000000000        0.0567356205710568    -0.0000000000000000       -0.0306361274263120     0.0000000000000000
    -0.0529075547603840     0.0000000000000000       -0.0305461909721118     0.0000000000000000        0.0119959679273533     0.0000000000000000
    4    3
    -0.0000000000000000     0.0000000000000000       -0.0000000000000000     0.0000000000000000       -0.0267644854048526     0.0000000000000000
     0.0000000000000000     0.0000000000000000       -0.0000000000000000     0.0000000000000000       -0.0154524828476688     0.0000000000000000
    -0.0267644854048526     0.0000000000000000       -0.0154524828476688     0.0000000000000000       -0.0000000000000000     0.0000000000000000
    4    4
     0.2000931911710192     0.0000000000000000        0.0089085291577313     0.0000000000000000        0.0000000000000000     0.0000000000000000
     0.0089085291577313     0.0000000000000000        0.1898065076165128    -0.0000000000000000        0.0000000000000000    -0.0000000000000000
    -0.0000000000000000    -0.0000000000000000       -0.0000000000000000     0.0000000000000000        0.1216605141464834    -0.0000000000000000

     Dynamical Matrix in cartesian axes

     q = (    -0.491071046000     0.283520000000     0.419372502000 )

    1    1
     0.1915063017324889     0.0000000000000000       -0.0049946016745508    -0.0000000000000000       -0.0049208915635726     0.0000000000000000
    -0.0049946016745508    -0.0000000000000000        0.1857390323545289     0.0000000000000000        0.0028410780678624     0.0000000000000000
    -0.0049208915635726     0.0000000000000000        0.0028410780678624     0.0000000000000000        0.1891757398055450     0.0000000000000000
    1    2
    -0.0000000000000000     0.0000000000000000       -0.0000000000000000    -0.0000000000000000        0.0000000000000000     0.0000000000000000
    -0.0000000000000000    -0.0000000000000000       -0.0000000000000000     0.0000000000000000        0.0000000000000000    -0.0000000000000000
    -0.0000000000000000    -0.0000000000000000        0.0000000000000000     0.0000000000000000       -0.0000000000000000    -0.0000000000000000
    1    3
    -0.0022261168421203     0.0000000000000000       -0.0472066149952642    -0.0000000000000000        0.0529075547603841     0.0000000000000000
    -0.0472066149952642    -0.0000000000000000       -0.0567356205710569     0.0000000000000000       -0.0305461909721118    -0.0000000000000000
     0.0530633292685674    -0.0000000000000000       -0.0306361274263121     0.0000000000000000       -0.0119959679273533     0.0000000000000000
    1    4
     0.0022261168421203     0.0000000000000000        0.0472066149952641     0.0000000000000000       -0.0529075547603840    -0.0000000000000000
     0.0472066149952641     0.0000000000000000        0.0567356205710568     0.0000000000000000        0.0305461909721118     0.0000000000000000
    -0.0530633292685673    -0.0000000000000000        0.0306361274263120     0.0000000000000000        0.0119959679273533    -0.0000000000000000
    2    1
    -0.0000000000000000    -0.0000000000000000       -0.0000000000000000     0.0000000000000000       -0.0000000000000000     0.0000000000000000
    -0.0000000000000000     0.0000000000000000       -0.0000000000000000    -0.0000000000000000       -0.0000000000000000    -0.0000000000000000
     0.0000000000000000    -0.0000000000000000       -0.0000000000000000     0.0000000000000000       -0.0000000000000000     0.0000000000000000
    2    2
     0.1915063017324889     0.0000000000000000       -0.0049946016745508    -0.0000000000000000        0.0049208915635726     0.0000000000000000
    -0.0049946016745508    -0.0000000000000000        0.1857390323545290    -0.0000000000000000       -0.0028410780678624    -0.0000000000000000
     0.0049208915635726     0.0000000000000000       -0.0028410780678624     0.0000000000000000        0.1891757398055450     0.0000000000000000
    2    3
    -0.0022261168421203     0.0000000000000000       -0.0472066149952641    -0.0000000000000000       -0.0529075547603840    -0.0000000000000000
    -0.0472066149952642    -0.0000000000000000       -0.0567356205710568    -0.0000000000000000        0.0305461909721118     0.0000000000000000
    -0.0530633292685673    -0.0000000000000000        0.0306361274263120     0.0000000000000000       -0.0119959679273533     0.0000000000000000
    2    4
    -0.0022261168421203    -0.0000000000000000       -0.0472066149952641    -0.0000000000000000       -0.0529075547603840    -0.0000000000000000
    -0.0472066149952642    -0.0000000000000000       -0.0567356205710568    -0.0000000000000000        0.0305461909721118     0.0000000000000000
    -0.0530633292685673    -0.0000000000000000        0.0306361274263120     0.0000000000000000       -0.0119959679273533     0.0000000000000000
    3    1
    -0.0022261168421203     0.0000000000000000       -0.0472066149952642     0.0000000000000000        0.0530633292685674     0.0000000000000000
    -0.0472066149952642     0.0000000000000000       -0.0567356205710569    -0.0000000000000000       -0.0306361274263121    -0.0000000000000000
     0.0529075547603841    -0.0000000000000000       -0.0305461909721118     0.0000000000000000       -0.0119959679273533    -0.0000000000000000
    3    2
    -0.0022261168421203    -0.0000000000000000       -0.0472066149952642     0.0000000000000000       -0.0530633292685673     0.0000000000000000
    -0.0472066149952641     0.0000000000000000       -0.0567356205710568     0.0000000000000000        0.0306361274263120    -0.0000000000000000
    -0.0529075547603840     0.0000000000000000        0.0305461909721118    -0.0000000000000000       -0.0119959679273533    -0.0000000000000000
    3    3
     0.2000931911710193     0.0000000000000000       -0.0089085291577313    -0.0000000000000000        0.0000000000000000     0.0000000000000000
    -0.0089085291577313    -0.0000000000000000        0.1898065076165128     0.0000000000000000        0.0000000000000000    -0.0000000000000000
     0.0000000000000000    -0.0000000000000000        0.0000000000000000     0.0000000000000000        0.1216605141464834     0.0000000000000000
    3    4
    -0.0000000000000000     0.0000000000000000        0.0000000000000000    -0.0000000000000000       -0.0267644854048525    -0.0000000000000000
     0.0000000000000000    -0.0000000000000000        0.0000000000000000     0.0000000000000000        0.0154524828476688     0.0000000000000000
    -0.0267644854048525    -0.0000000000000000        0.0154524828476688     0.0000000000000000       -0.0000000000000000     0.0000000000000000
    4    1
     0.0022261168421203    -0.0000000000000000        0.0472066149952641    -0.0000000000000000       -0.0530633292685673     0.0000000000000000
     0.0472066149952641    -0.0000000000000000        0.0567356205710568    -0.0000000000000000        0.0306361274263120    -0.0000000000000000
    -0.0529075547603840     0.0000000000000000        0.0305461909721118    -0.0000000000000000        0.0119959679273533     0.0000000000000000
    4    2
    -0.0022261168421203     0.0000000000000000       -0.0472066149952642     0.0000000000000000       -0.0530633292685673     0.0000000000000000
    -0.0472066149952641     0.0000000000000000       -0.0567356205710568     0.0000000000000000        0.0306361274263120    -0.0000000000000000
    -0.0529075547603840     0.0000000000000000        0.0305461909721118    -0.0000000000000000       -0.0119959679273533    -0.0000000000000000
    4    3
    -0.0000000000000000    -0.0000000000000000        0.0000000000000000     0.0000000000000000       -0.0267644854048525     0.0000000000000000
     0.0000000000000000     0.0000000000000000        0.0000000000000000    -0.0000000000000000        0.0154524828476688    -0.0000000000000000
    -0.0267644854048525     0.0000000000000000        0.0154524828476688    -0.0000000000000000       -0.0000000000000000    -0.0000000000000000
    4    4
     0.2000931911710192    -0.0000000000000000       -0.0089085291577313     0.0000000000000000        0.0000000000000000     0.0000000000000000
    -0.0089085291577313     0.0000000000000000        0.1898065076165128    -0.0000000000000000       -0.0000000000000000     0.0000000000000000
     0.0000000000000000     0.0000000000000000       -0.0000000000000000     0.0000000000000000        0.1216605141464834     0.0000000000000000

     Diagonalizing the dynamical matrix

     q = (    -0.000000000000    -0.567040001000    -0.419372502000 )

***************************************************************************
   freq (    1) =     2.61244400 [THz] =    87.14173948 [cm-1]
(  -0.000000  0.000000   0.007793  0.000043  -0.003836 -0.000021 )
(   0.000000 -0.000000   0.401206  0.000062   0.197460  0.000031 )
(  -0.000000  0.000000  -0.158283 -0.000040  -0.601057 -0.000030 )
(   0.000000 -0.000000   0.152251  0.000008   0.624871  0.000160 )
   freq (    2) =     2.61244400 [THz] =    87.14173948 [cm-1]
(   0.000000  0.000000   0.401206  0.000028  -0.197460 -0.000014 )
(  -0.000000  0.000000  -0.007793  0.000041  -0.003836  0.000020 )
(  -0.000000 -0.000000  -0.152251 -0.000027   0.624871 -0.000020 )
(  -0.000000  0.000000  -0.158283  0.000005   0.601057  0.000105 )
   freq (    3) =     2.92365602 [THz] =    97.52265354 [cm-1]
(   0.088499  0.000000  -0.000000  0.000000  -0.000000 -0.000000 )
(   0.626355 -0.002758  -0.000000 -0.000000   0.000000 -0.000000 )
(  -0.618875  0.002388  -0.000000  0.000000   0.000000  0.000000 )
(   0.465642 -0.002388   0.000000 -0.000000  -0.000000 -0.000000 )
   freq (    4) =     2.92365602 [THz] =    97.52265354 [cm-1]
(  -0.626362  0.000000   0.000000  0.000000  -0.000000  0.000000 )
(   0.088498 -0.000390  -0.000000 -0.000000  -0.000000 -0.000000 )
(   0.465648  0.000337  -0.000000  0.000000   0.000000  0.000000 )
(   0.618879 -0.000337  -0.000000 -0.000000   0.000000 -0.000000 )
   freq (    5) =     3.69244895 [THz] =   123.16682160 [cm-1]
(   0.000000  0.000000  -0.079744  0.000568  -0.119704  0.000853 )
(  -0.000000  0.000000  -0.328901  0.003575   0.493714 -0.005366 )
(   0.000000 -0.000000  -0.658919  0.006681   0.092670 -0.001118 )
(  -0.000000  0.000000   0.401752 -0.004848  -0.151990  0.001541 )
   freq (    6) =     3.69244895 [THz] =   123.16682160 [cm-1]
(  -0.000000  0.000000   0.328920  0.000046   0.493743  0.000069 )
(  -0.000000  0.000000  -0.079746  0.000288   0.119707 -0.000432 )
(  -0.000000 -0.000000   0.401781  0.000537   0.151998 -0.000090 )
(   0.000000  0.000000   0.658953 -0.000390   0.092677  0.000124 )
   freq (    7) =     6.98438545 [THz] =   232.97398790 [cm-1]
(  -0.000000  0.000000   0.377350 -0.000142  -0.891415  0.000337 )
(  -0.000000  0.000000  -0.035862 -0.000433  -0.084718 -0.001023 )
(  -0.000000  0.000000   0.131269 -0.000221  -0.084655 -0.000059 )
(   0.000000 -0.000000   0.158840  0.000112  -0.069960  0.000118 )
   freq (    8) =     6.98438545 [THz] =   232.97398790 [cm-1]
(   0.000000  0.000000   0.035859 -0.000628  -0.084711  0.001483 )
(  -0.000000  0.000000   0.377345 -0.001907   0.891403 -0.004504 )
(  -0.000000  0.000000   0.158837 -0.000974   0.069960 -0.000262 )
(   0.000000 -0.000000  -0.131268  0.000492  -0.084653  0.000519 )
   freq (    9) =     7.08780471 [THz] =   236.42368275 [cm-1]
(   0.000000  0.000000  -0.886762 -0.000059  -0.318853 -0.000021 )
(  -0.000000  0.000000  -0.152779  0.000288   0.054935 -0.000104 )
(  -0.000000  0.000000   0.174195 -0.000038   0.115580  0.000055 )
(   0.000000 -0.000000   0.122993  0.000058   0.163696 -0.000036 )
   freq (   10) =     7.08780471 [THz] =   236.42368275 [cm-1]
(  -0.000000  0.000000  -0.152767 -0.001906  -0.054930 -0.000685 )
(  -0.000000 -0.000000   0.886713  0.009335  -0.318835 -0.003356 )
(  -0.000000 -0.000000  -0.122987 -0.001245   0.163686  0.001770 )
(   0.000000  0.000000   0.174185  0.001884  -0.115574 -0.001170 )
   freq (   11) =     7.15689966 [THz] =   238.72844168 [cm-1]
(   0.924352  0.000000   0.000000  0.000000   0.000000  0.000000 )
(  -0.192646  0.000440   0.000000  0.000000  -0.000000 -0.000000 )
(   0.180463  0.000109  -0.000000 -0.000000  -0.000000  0.000000 )
(   0.275488 -0.000109  -0.000000  0.000000  -0.000000 -0.000000 )
   freq (   12) =     7.15689966 [THz] =   238.72844168 [cm-1]
(   0.192646  0.000000  -0.000000 -0.000000  -0.000000 -0.000000 )
(   0.924350 -0.002112   0.000000 -0.000000  -0.000000  0.000000 )
(   0.275488 -0.000521   0.000000  0.000000   0.000000 -0.000000 )
(  -0.180462  0.000521   0.000000 -0.000000   0.000000  0.000000 )
***************************************************************************
