Dynamical matrix file
File generated with the CellConstructor by Lorenzo Monacelli
2 4 0     7.7856715999999997     0.0000000000000000     0.0000000000000000     0.0000000000000000     0.0000000000000000     0.0000000000000000
Basis vectors
    1.0181826119999999    -0.0000000000000000     0.0000000000000000
   -0.5090913060000000     0.8817720080000000     0.0000000000000000
   -0.0000000000000000     0.0000000000000000     1.1922574730000000
	1  'Cr '  47391.5460091019995161
	2  'Sb '  110977.4510409100039396
    1     1    -0.0000000000000000     0.0000000000000000     0.0000000000000000
    2     1    -0.0000000000000000    -0.0000000000000000     0.5961287367000000
    3     2    -0.0000000005000000     0.5878480057000000     0.2980643683000000
    4     2     0.5090913067000000     0.2939240024000000     0.8941931050000000

     Dynamical Matrix in cartesian axes

     q = (     0.000000000000     0.000000000000     0.000000000000 )

    1    1
     0.2021496594339086     0.0000000000000000        0.0000000000000000     0.0000000000000000        0.0000000000000000     0.0000000000000000
    -0.0000000000000000     0.0000000000000000        0.2021496592888342     0.0000000000000000        0.0000000000000003     0.0000000000000000
    -0.0000000000000000     0.0000000000000000        0.0000000000000003     0.0000000000000000        0.0654434386602886     0.0000000000000000
    1    2
    -0.0399019815022652     0.0000000000000000       -0.0000000000000000     0.0000000000000000       -0.0000000000000000     0.0000000000000000
    -0.0000000000000000     0.0000000000000000       -0.0399019814736292     0.0000000000000000       -0.0000000000000001     0.0000000000000000
     0.0000000000000000     0.0000000000000000        0.0000000000000001     0.0000000000000000       -0.0134725973565797     0.0000000000000000
    1    3
    -0.0811238388337266     0.0000000000000000        0.0000000000000000     0.0000000000000000        0.0000000000000000     0.0000000000000000
     0.0000000000000000     0.0000000000000000       -0.0811238387755075     0.0000000000000000       -0.0000000000000001     0.0000000000000000
     0.0000000000000000     0.0000000000000000       -0.0000000000000002     0.0000000000000000       -0.0259854206471386     0.0000000000000000
    1    4
    -0.0811238388337266     0.0000000000000000       -0.0000000000000000     0.0000000000000000       -0.0000000000000000     0.0000000000000000
    -0.0000000000000000     0.0000000000000000       -0.0811238387755075     0.0000000000000000       -0.0000000000000001     0.0000000000000000
    -0.0000000000000000     0.0000000000000000       -0.0000000000000002     0.0000000000000000       -0.0259854206471386     0.0000000000000000
    2    1
    -0.0399019815022652     0.0000000000000000        0.0000000000000000     0.0000000000000000       -0.0000000000000000     0.0000000000000000
    -0.0000000000000000     0.0000000000000000       -0.0399019814736292     0.0000000000000000        0.0000000000000001     0.0000000000000000
    -0.0000000000000000     0.0000000000000000       -0.0000000000000001     0.0000000000000000       -0.0134725973565797     0.0000000000000000
    2    2
     0.2021496594339085     0.0000000000000000       -0.0000000000000000     0.0000000000000000       -0.0000000000000000     0.0000000000000000
    -0.0000000000000000     0.0000000000000000        0.2021496592888344     0.0000000000000000       -0.0000000000000003     0.0000000000000000
    -0.0000000000000000     0.0000000000000000       -0.0000000000000003     0.0000000000000000        0.0654434386602886     0.0000000000000000
    2    3
    -0.0811238388337266     0.0000000000000000        0.0000000000000000     0.0000000000000000        0.0000000000000000     0.0000000000000000
     0.0000000000000000     0.0000000000000000       -0.0811238387755075     0.0000000000000000        0.0000000000000001     0.0000000000000000
    -0.0000000000000000     0.0000000000000000        0.0000000000000002     0.0000000000000000       -0.0259854206471386     0.0000000000000000
    2    4
    -0.0811238388337266     0.0000000000000000        0.0000000000000000     0.0000000000000000        0.0000000000000000     0.0000000000000000
     0.0000000000000000     0.0000000000000000       -0.0811238387755075     0.0000000000000000        0.0000000000000001     0.0000000000000000
     0.0000000000000000     0.0000000000000000        0.0000000000000002     0.0000000000000000       -0.0259854206471386     0.0000000000000000
    3    1
    -0.0811238388337266     0.0000000000000000        0.0000000000000000     0.0000000000000000        0.0000000000000000     0.0000000000000000
     0.0000000000000000     0.0000000000000000       -0.0811238387755075     0.0000000000000000       -0.0000000000000002     0.0000000000000000
    -0.0000000000000000     0.0000000000000000       -0.0000000000000001     0.0000000000000000       -0.0259854206471386     0.0000000000000000
    3    2
    -0.0811238388337266     0.0000000000000000        0.0000000000000000     0.0000000000000000        0.0000000000000000     0.0000000000000000
     0.0000000000000000     0.0000000000000000       -0.0811238387755075     0.0000000000000000        0.0000000000000002     0.0000000000000000
     0.0000000000000000     0.0000000000000000        0.0000000000000001     0.0000000000000000       -0.0259854206471386     0.0000000000000000
    3    3
     0.1834112942304525     0.0000000000000000        0.0000000000000000     0.0000000000000000       -0.0000000000000000     0.0000000000000000
     0.0000000000000000     0.0000000000000000        0.1834112940988273     0.0000000000000000       -0.0000000000000000     0.0000000000000000
    -0.0000000000000000     0.0000000000000000        0.0000000000000000     0.0000000000000000        0.1219753940560350     0.0000000000000000
    3    4
    -0.0211636168271895     0.0000000000000000       -0.0000000000000001     0.0000000000000000       -0.0000000000000000     0.0000000000000000
    -0.0000000000000001     0.0000000000000000       -0.0211636168120024     0.0000000000000000       -0.0000000000000000     0.0000000000000000
    -0.0000000000000000     0.0000000000000000       -0.0000000000000000     0.0000000000000000       -0.0700045527711895     0.0000000000000000
    4    1
    -0.0811238388337266     0.0000000000000000       -0.0000000000000000     0.0000000000000000       -0.0000000000000000     0.0000000000000000
     0.0000000000000000     0.0000000000000000       -0.0811238387755075     0.0000000000000000       -0.0000000000000002     0.0000000000000000
     0.0000000000000000     0.0000000000000000       -0.0000000000000001     0.0000000000000000       -0.0259854206471386     0.0000000000000000
    4    2
    -0.0811238388337266     0.0000000000000000       -0.0000000000000000     0.0000000000000000        0.0000000000000000     0.0000000000000000
     0.0000000000000000     0.0000000000000000       -0.0811238387755075     0.0000000000000000        0.0000000000000002     0.0000000000000000
     0.0000000000000000     0.0000000000000000        0.0000000000000001     0.0000000000000000       -0.0259854206471386     0.0000000000000000
    4    3
    -0.0211636168271894     0.0000000000000000       -0.0000000000000001     0.0000000000000000       -0.0000000000000000     0.0000000000000000
    -0.0000000000000001     0.0000000000000000       -0.0211636168120024     0.0000000000000000       -0.0000000000000000     0.0000000000000000
    -0.0000000000000000     0.0000000000000000       -0.0000000000000000     0.0000000000000000       -0.0700045527711895     0.0000000000000000
    4    4
     0.1834112942304525     0.0000000000000000        0.0000000000000000     0.0000000000000000        0.0000000000000000     0.0000000000000000
     0.0000000000000000     0.0000000000000000        0.1834112940988273     0.0000000000000000        0.0000000000000000     0.0000000000000000
    -0.0000000000000000     0.0000000000000000        0.0000000000000000     0.0000000000000000        0.1219753940560350     0.0000000000000000

     Diagonalizing the dynamical matrix

     q = (     0.000000000000     0.000000000000     0.000000000000 )

***************************************************************************
   freq (    1) =    -0.00000008 [THz] =    -0.00000273 [cm-1]
(  -0.002522  0.000000  -0.060501  0.000000   0.496320  0.000000 )
(  -0.002522  0.000000  -0.060501  0.000000   0.496320  0.000000 )
(  -0.002522  0.000000  -0.060501  0.000000   0.496320  0.000000 )
(  -0.002522  0.000000  -0.060501  0.000000   0.496320  0.000000 )
   freq (    2) =     0.00000010 [THz] =     0.00000320 [cm-1]
(   0.092290  0.000000   0.487741  0.000000   0.059924  0.000000 )
(   0.092290  0.000000   0.487741  0.000000   0.059924  0.000000 )
(   0.092290  0.000000   0.487741  0.000000   0.059924  0.000000 )
(   0.092290  0.000000   0.487741  0.000000   0.059924  0.000000 )
   freq (    3) =     0.00000021 [THz] =     0.00000687 [cm-1]
(  -0.491402  0.000000   0.091913  0.000000   0.008708  0.000000 )
(  -0.491402  0.000000   0.091913  0.000000   0.008708  0.000000 )
(  -0.491402  0.000000   0.091913  0.000000   0.008708  0.000000 )
(  -0.491402  0.000000   0.091913  0.000000   0.008708  0.000000 )
   freq (    4) =     4.11549824 [THz] =   137.27822498 [cm-1]
(  -0.000000  0.000000  -0.000000  0.000000   0.650294  0.000000 )
(   0.000000  0.000000   0.000000  0.000000   0.650294  0.000000 )
(  -0.000000  0.000000  -0.000000  0.000000  -0.277700  0.000000 )
(   0.000000  0.000000   0.000000  0.000000  -0.277700  0.000000 )
   freq (    5) =     4.24529102 [THz] =   141.60764563 [cm-1]
(   0.000000  0.000000   0.000000  0.000000  -0.707107  0.000000 )
(   0.000000  0.000000   0.000000  0.000000   0.707107  0.000000 )
(   0.000000  0.000000   0.000000  0.000000   0.000000  0.000000 )
(  -0.000000  0.000000  -0.000000  0.000000  -0.000000  0.000000 )
   freq (    6) =     4.32698944 [THz] =   144.33281104 [cm-1]
(   0.000000  0.000000   0.000000  0.000000   0.000000  0.000000 )
(  -0.000000  0.000000   0.000000  0.000000  -0.000000  0.000000 )
(   0.000000  0.000000  -0.000000  0.000000   0.707107  0.000000 )
(  -0.000000  0.000000   0.000000  0.000000  -0.707107  0.000000 )
   freq (    7) =     4.46667225 [THz] =   148.99212760 [cm-1]
(  -0.000000  0.000000   0.000000  0.000000  -0.000000  0.000000 )
(  -0.000000  0.000000   0.000000  0.000000   0.000000  0.000000 )
(   0.000000  0.000000  -0.707107  0.000000   0.000000  0.000000 )
(  -0.000000  0.000000   0.707107  0.000000   0.000000  0.000000 )
   freq (    8) =     4.46667226 [THz] =   148.99212766 [cm-1]
(   0.000000  0.000000   0.000000  0.000000  -0.000000  0.000000 )
(  -0.000000  0.000000  -0.000000  0.000000  -0.000000  0.000000 )
(  -0.707107  0.000000  -0.000000  0.000000   0.000000  0.000000 )
(   0.707107  0.000000   0.000000  0.000000  -0.000000  0.000000 )
   freq (    9) =     7.27163031 [THz] =   242.55544375 [cm-1]
(  -0.000000  0.000000  -0.650294  0.000000  -0.000000  0.000000 )
(  -0.000000  0.000000  -0.650294  0.000000   0.000000  0.000000 )
(   0.000000  0.000000   0.277700  0.000000   0.000000  0.000000 )
(   0.000000  0.000000   0.277700  0.000000  -0.000000  0.000000 )
   freq (   10) =     7.27163031 [THz] =   242.55544383 [cm-1]
(   0.650294  0.000000  -0.000000  0.000000   0.000000  0.000000 )
(   0.650294  0.000000  -0.000000  0.000000  -0.000000  0.000000 )
(  -0.277700  0.000000   0.000000  0.000000   0.000000  0.000000 )
(  -0.277700  0.000000   0.000000  0.000000  -0.000000  0.000000 )
   freq (   11) =     7.43496368 [THz] =   248.00365795 [cm-1]
(   0.000000  0.000000  -0.707107  0.000000   0.000000  0.000000 )
(  -0.000000  0.000000   0.707107  0.000000  -0.000000  0.000000 )
(  -0.000000  0.000000  -0.000000  0.000000   0.000000  0.000000 )
(  -0.000000  0.000000  -0.000000  0.000000   0.000000  0.000000 )
   freq (   12) =     7.43496369 [THz] =   248.00365804 [cm-1]
(  -0.707107  0.000000  -0.000000  0.000000   0.000000  0.000000 )
(   0.707107  0.000000   0.000000  0.000000  -0.000000  0.000000 )
(  -0.000000  0.000000   0.000000  0.000000   0.000000  0.000000 )
(  -0.000000  0.000000   0.000000  0.000000  -0.000000  0.000000 )
***************************************************************************
