Dynamical matrix file
File generated with the CellConstructor by Lorenzo Monacelli
2 4 0     7.7856715999999997     0.0000000000000000     0.0000000000000000     0.0000000000000000     0.0000000000000000     0.0000000000000000
Basis vectors
    1.0181826119999999    -0.0000000000000000     0.0000000000000000
   -0.5090913060000000     0.8817720080000000     0.0000000000000000
   -0.0000000000000000     0.0000000000000000     1.1922574730000000
	1  'Cr '  47391.5460091019995161
	2  'Sb '  110977.4510409100039396
    1     1    -0.0000000000000000     0.0000000000000000    -0.0000000000000000
    2     1     0.0000000000000000     0.0000000000000000     0.5961287367000000
    3     2    -0.0000000005000000     0.5878480057000000     0.2980643683000000
    4     2     0.5090913067000000     0.2939240024000000     0.8941931050000000

     Dynamical Matrix in cartesian axes

     q = (    -0.000000000000    -0.567040001000     0.000000000000 )

    1    1
     0.1867198804447676     0.0000000000000000        0.0000000000000000    -0.0000000000000000       -0.0000000000000000    -0.0000000000000000
     0.0000000000000000     0.0000000000000000        0.1979107050890691     0.0000000000000000       -0.0076064405475297    -0.0000000000000000
    -0.0000000000000000    -0.0000000000000000       -0.0076064405475297    -0.0000000000000000        0.0729748416776786    -0.0000000000000000
    1    2
    -0.0299047239002751    -0.0000000000000000       -0.0000000000000000    -0.0000000000000000        0.0000000000000000     0.0000000000000000
    -0.0000000000000000    -0.0000000000000000       -0.0200262906693905    -0.0000000000000000       -0.0099336957163416     0.0000000000000000
    -0.0000000000000000     0.0000000000000000        0.0099336957163416    -0.0000000000000000        0.0117770898783241     0.0000000000000000
    1    3
     0.0769593425782890    -0.0000000000000000        0.0000000000000000     0.0000000000000000        0.0000000000000000    -0.0000000000000000
     0.0000000000000000     0.0000000000000000       -0.0284138226671658    -0.0000000000000000       -0.0583965106252603     0.0000000000000000
     0.0000000000000000     0.0000000000000000       -0.0466423844906974     0.0000000000000000        0.0079919821339083    -0.0000000000000000
    1    4
    -0.0769593425782891     0.0000000000000000       -0.0000000000000000    -0.0000000000000000       -0.0000000000000000    -0.0000000000000000
    -0.0000000000000000    -0.0000000000000000        0.0284138226671658     0.0000000000000000        0.0583965106252604    -0.0000000000000000
     0.0000000000000000    -0.0000000000000000        0.0466423844906974    -0.0000000000000000       -0.0079919821339083     0.0000000000000000
    2    1
    -0.0299047239002751     0.0000000000000000        0.0000000000000000    -0.0000000000000000       -0.0000000000000000    -0.0000000000000000
    -0.0000000000000000     0.0000000000000000       -0.0200262906693905     0.0000000000000000        0.0099336957163416     0.0000000000000000
     0.0000000000000000     0.0000000000000000       -0.0099336957163416     0.0000000000000000        0.0117770898783241     0.0000000000000000
    2    2
     0.1867198804447677    -0.0000000000000000        0.0000000000000000     0.0000000000000000        0.0000000000000000    -0.0000000000000000
     0.0000000000000000     0.0000000000000000        0.1979107050890691    -0.0000000000000000        0.0076064405475297    -0.0000000000000000
     0.0000000000000000    -0.0000000000000000        0.0076064405475297     0.0000000000000000        0.0729748416776786    -0.0000000000000000
    2    3
     0.0769593425782890     0.0000000000000000        0.0000000000000000    -0.0000000000000000       -0.0000000000000000     0.0000000000000000
     0.0000000000000000     0.0000000000000000       -0.0284138226671658    -0.0000000000000000        0.0583965106252603    -0.0000000000000000
    -0.0000000000000000    -0.0000000000000000        0.0466423844906974    -0.0000000000000000        0.0079919821339083     0.0000000000000000
    2    4
    -0.0769593425782891     0.0000000000000000        0.0000000000000000    -0.0000000000000000        0.0000000000000000    -0.0000000000000000
     0.0000000000000000    -0.0000000000000000        0.0284138226671658     0.0000000000000000       -0.0583965106252604     0.0000000000000000
    -0.0000000000000000     0.0000000000000000       -0.0466423844906974     0.0000000000000000       -0.0079919821339083     0.0000000000000000
    3    1
     0.0769593425782890    -0.0000000000000000        0.0000000000000000     0.0000000000000000       -0.0000000000000000    -0.0000000000000000
    -0.0000000000000000    -0.0000000000000000       -0.0284138226671658    -0.0000000000000000       -0.0466423844906974    -0.0000000000000000
     0.0000000000000000     0.0000000000000000       -0.0583965106252603    -0.0000000000000000        0.0079919821339083     0.0000000000000000
    3    2
     0.0769593425782890    -0.0000000000000000        0.0000000000000000    -0.0000000000000000        0.0000000000000000     0.0000000000000000
     0.0000000000000000    -0.0000000000000000       -0.0284138226671658     0.0000000000000000        0.0466423844906974     0.0000000000000000
     0.0000000000000000     0.0000000000000000        0.0583965106252603    -0.0000000000000000        0.0079919821339083    -0.0000000000000000
    3    3
     0.1798827638967101    -0.0000000000000000        0.0000000000000000     0.0000000000000000        0.0000000000000000     0.0000000000000000
    -0.0000000000000000     0.0000000000000000        0.1934101332745066     0.0000000000000000        0.0000000000000000    -0.0000000000000000
     0.0000000000000000    -0.0000000000000000       -0.0000000000000000    -0.0000000000000000        0.1188217174561120    -0.0000000000000000
    3    4
    -0.0177879752417730    -0.0000000000000000       -0.0000000000000000    -0.0000000000000000        0.0000000000000000    -0.0000000000000000
    -0.0000000000000000     0.0000000000000000       -0.0022705875917786    -0.0000000000000000       -0.0000000000000000     0.0000000000000000
     0.0000000000000000    -0.0000000000000000       -0.0000000000000000     0.0000000000000000       -0.0009338313081977     0.0000000000000000
    4    1
    -0.0769593425782891    -0.0000000000000000       -0.0000000000000000     0.0000000000000000        0.0000000000000000     0.0000000000000000
    -0.0000000000000000    -0.0000000000000000        0.0284138226671658    -0.0000000000000000        0.0466423844906975     0.0000000000000000
    -0.0000000000000000     0.0000000000000000        0.0583965106252604     0.0000000000000000       -0.0079919821339083    -0.0000000000000000
    4    2
    -0.0769593425782891    -0.0000000000000000        0.0000000000000000    -0.0000000000000000        0.0000000000000000    -0.0000000000000000
     0.0000000000000000    -0.0000000000000000        0.0284138226671658    -0.0000000000000000       -0.0466423844906975    -0.0000000000000000
     0.0000000000000000     0.0000000000000000       -0.0583965106252604    -0.0000000000000000       -0.0079919821339083    -0.0000000000000000
    4    3
    -0.0177879752417730     0.0000000000000000       -0.0000000000000000     0.0000000000000000        0.0000000000000000     0.0000000000000000
    -0.0000000000000000     0.0000000000000000       -0.0022705875917786     0.0000000000000000       -0.0000000000000000    -0.0000000000000000
     0.0000000000000000    -0.0000000000000000        0.0000000000000000     0.0000000000000000       -0.0009338313081977    -0.0000000000000000
    4    4
     0.1798827638967101     0.0000000000000000       -0.0000000000000000     0.0000000000000000       -0.0000000000000000     0.0000000000000000
     0.0000000000000000     0.0000000000000000        0.1934101332745066    -0.0000000000000000       -0.0000000000000000     0.0000000000000000
    -0.0000000000000000     0.0000000000000000       -0.0000000000000000    -0.0000000000000000        0.1188217174561120    -0.0000000000000000

     Dynamical Matrix in cartesian axes

     q = (     0.491071046000     0.283520000000     0.000000000000 )

    1    1
     0.1951129990345179     0.0000000000000000        0.0048457692753940     0.0000000000000000        0.0065873707489005    -0.0000000000000000
     0.0048457692753940    -0.0000000000000000        0.1895175865053423    -0.0000000000000000        0.0038032202737650     0.0000000000000000
     0.0065873707489005    -0.0000000000000000        0.0038032202737650    -0.0000000000000000        0.0729748416776786    -0.0000000000000000
    1    2
    -0.0224958989878907     0.0000000000000000        0.0042774870560091    -0.0000000000000000        0.0086028328469034     0.0000000000000000
     0.0042774870560091    -0.0000000000000000       -0.0274351155764579     0.0000000000000000        0.0049668478581708    -0.0000000000000000
    -0.0086028328469034    -0.0000000000000000       -0.0049668478581708    -0.0000000000000000        0.0117770898783241     0.0000000000000000
    1    3
     0.0020705313710956     0.0000000000000000        0.0456279189823268    -0.0000000000000000       -0.0505728617119904    -0.0000000000000000
     0.0456279189823268     0.0000000000000000       -0.0506160512255025    -0.0000000000000000       -0.0291982553126302     0.0000000000000000
    -0.0403934898765197    -0.0000000000000000       -0.0233211922453487    -0.0000000000000000       -0.0079919821339083     0.0000000000000000
    1    4
    -0.0020705313710956    -0.0000000000000000       -0.0456279189823267    -0.0000000000000000        0.0505728617119903     0.0000000000000000
    -0.0456279189823267    -0.0000000000000000        0.0506160512255024     0.0000000000000000        0.0291982553126302     0.0000000000000000
     0.0403934898765196     0.0000000000000000        0.0233211922453487     0.0000000000000000        0.0079919821339083     0.0000000000000000
    2    1
    -0.0224958989878907     0.0000000000000000        0.0042774870560091     0.0000000000000000       -0.0086028328469034    -0.0000000000000000
     0.0042774870560091    -0.0000000000000000       -0.0274351155764579     0.0000000000000000       -0.0049668478581708     0.0000000000000000
     0.0086028328469034     0.0000000000000000        0.0049668478581708     0.0000000000000000        0.0117770898783241     0.0000000000000000
    2    2
     0.1951129990345179    -0.0000000000000000        0.0048457692753940    -0.0000000000000000       -0.0065873707489005     0.0000000000000000
     0.0048457692753940    -0.0000000000000000        0.1895175865053423    -0.0000000000000000       -0.0038032202737650    -0.0000000000000000
    -0.0065873707489005     0.0000000000000000       -0.0038032202737649     0.0000000000000000        0.0729748416776786    -0.0000000000000000
    2    3
     0.0020705313710956    -0.0000000000000000        0.0456279189823268    -0.0000000000000000        0.0505728617119904    -0.0000000000000000
     0.0456279189823268     0.0000000000000000       -0.0506160512255025    -0.0000000000000000        0.0291982553126302     0.0000000000000000
     0.0403934898765197     0.0000000000000000        0.0233211922453487     0.0000000000000000       -0.0079919821339083    -0.0000000000000000
    2    4
    -0.0020705313710956    -0.0000000000000000       -0.0456279189823267    -0.0000000000000000       -0.0505728617119903    -0.0000000000000000
    -0.0456279189823267    -0.0000000000000000        0.0506160512255024     0.0000000000000000       -0.0291982553126302    -0.0000000000000000
    -0.0403934898765196    -0.0000000000000000       -0.0233211922453487    -0.0000000000000000        0.0079919821339083     0.0000000000000000
    3    1
     0.0020705313710956     0.0000000000000000        0.0456279189823268     0.0000000000000000       -0.0403934898765197     0.0000000000000000
     0.0456279189823268    -0.0000000000000000       -0.0506160512255025    -0.0000000000000000       -0.0233211922453487    -0.0000000000000000
    -0.0505728617119904     0.0000000000000000       -0.0291982553126302     0.0000000000000000       -0.0079919821339083    -0.0000000000000000
    3    2
     0.0020705313710956    -0.0000000000000000        0.0456279189823268     0.0000000000000000        0.0403934898765197    -0.0000000000000000
     0.0456279189823268    -0.0000000000000000       -0.0506160512255025    -0.0000000000000000        0.0233211922453487     0.0000000000000000
     0.0505728617119904    -0.0000000000000000        0.0291982553126302    -0.0000000000000000       -0.0079919821339083     0.0000000000000000
    3    3
     0.1900282910341593     0.0000000000000000        0.0058575228217752     0.0000000000000000       -0.0000000000000000    -0.0000000000000000
     0.0058575228217751    -0.0000000000000000        0.1832646061443386    -0.0000000000000000        0.0000000000000000    -0.0000000000000000
    -0.0000000000000000     0.0000000000000000        0.0000000000000000     0.0000000000000000        0.1188217174561121    -0.0000000000000000
    3    4
    -0.0061499345054993     0.0000000000000000        0.0067192259495164     0.0000000000000000       -0.0000000000000000     0.0000000000000000
     0.0067192259495164     0.0000000000000000       -0.0139086283197000     0.0000000000000000       -0.0000000000000000     0.0000000000000000
    -0.0000000000000000     0.0000000000000000       -0.0000000000000000     0.0000000000000000       -0.0009338313081977     0.0000000000000000
    4    1
    -0.0020705313710956     0.0000000000000000       -0.0456279189823267     0.0000000000000000        0.0403934898765196    -0.0000000000000000
    -0.0456279189823267     0.0000000000000000        0.0506160512255024    -0.0000000000000000        0.0233211922453487    -0.0000000000000000
     0.0505728617119903    -0.0000000000000000        0.0291982553126302    -0.0000000000000000        0.0079919821339083    -0.0000000000000000
    4    2
    -0.0020705313710956     0.0000000000000000       -0.0456279189823267     0.0000000000000000       -0.0403934898765196     0.0000000000000000
    -0.0456279189823267     0.0000000000000000        0.0506160512255024    -0.0000000000000000       -0.0233211922453487     0.0000000000000000
    -0.0505728617119903     0.0000000000000000       -0.0291982553126302     0.0000000000000000        0.0079919821339083    -0.0000000000000000
    4    3
    -0.0061499345054993    -0.0000000000000000        0.0067192259495164    -0.0000000000000000       -0.0000000000000000     0.0000000000000000
     0.0067192259495164    -0.0000000000000000       -0.0139086283197000    -0.0000000000000000        0.0000000000000000     0.0000000000000000
    -0.0000000000000000    -0.0000000000000000       -0.0000000000000000    -0.0000000000000000       -0.0009338313081977    -0.0000000000000000
    4    4
     0.1900282910341593    -0.0000000000000000        0.0058575228217751    -0.0000000000000000       -0.0000000000000000     0.0000000000000000
     0.0058575228217751     0.0000000000000000        0.1832646061443386     0.0000000000000000        0.0000000000000000     0.0000000000000000
    -0.0000000000000000    -0.0000000000000000       -0.0000000000000000    -0.0000000000000000        0.1188217174561121    -0.0000000000000000

     Dynamical Matrix in cartesian axes

     q = (    -0.491071046000     0.283520000000    -0.000000000000 )

    1    1
     0.1951129990345179     0.0000000000000000       -0.0048457692753940    -0.0000000000000000       -0.0065873707489005     0.0000000000000000
    -0.0048457692753940     0.0000000000000000        0.1895175865053421    -0.0000000000000000        0.0038032202737650     0.0000000000000000
    -0.0065873707489005     0.0000000000000000        0.0038032202737650     0.0000000000000000        0.0729748416776786     0.0000000000000000
    1    2
    -0.0224958989878907    -0.0000000000000000       -0.0042774870560091    -0.0000000000000000       -0.0086028328469034    -0.0000000000000000
    -0.0042774870560091     0.0000000000000000       -0.0274351155764579     0.0000000000000000        0.0049668478581708    -0.0000000000000000
     0.0086028328469034    -0.0000000000000000       -0.0049668478581708     0.0000000000000000        0.0117770898783241    -0.0000000000000000
    1    3
     0.0020705313710956    -0.0000000000000000       -0.0456279189823268    -0.0000000000000000        0.0505728617119904     0.0000000000000000
    -0.0456279189823268     0.0000000000000000       -0.0506160512255025    -0.0000000000000000       -0.0291982553126302     0.0000000000000000
     0.0403934898765196     0.0000000000000000       -0.0233211922453487     0.0000000000000000       -0.0079919821339083    -0.0000000000000000
    1    4
     0.0020705313710956    -0.0000000000000000       -0.0456279189823268     0.0000000000000000        0.0505728617119904    -0.0000000000000000
    -0.0456279189823268     0.0000000000000000       -0.0506160512255025    -0.0000000000000000       -0.0291982553126302     0.0000000000000000
     0.0403934898765196    -0.0000000000000000       -0.0233211922453487     0.0000000000000000       -0.0079919821339083    -0.0000000000000000
    2    1
    -0.0224958989878907    -0.0000000000000000       -0.0042774870560091    -0.0000000000000000        0.0086028328469034    -0.0000000000000000
    -0.0042774870560091     0.0000000000000000       -0.0274351155764579     0.0000000000000000       -0.0049668478581708     0.0000000000000000
    -0.0086028328469034    -0.0000000000000000        0.0049668478581708    -0.0000000000000000        0.0117770898783241    -0.0000000000000000
    2    2
     0.1951129990345179    -0.0000000000000000       -0.0048457692753940     0.0000000000000000        0.0065873707489005    -0.0000000000000000
    -0.0048457692753940     0.0000000000000000        0.1895175865053421    -0.0000000000000000       -0.0038032202737649    -0.0000000000000000
     0.0065873707489005     0.0000000000000000       -0.0038032202737649    -0.0000000000000000        0.0729748416776786    -0.0000000000000000
    2    3
     0.0020705313710956     0.0000000000000000       -0.0456279189823268     0.0000000000000000       -0.0505728617119904    -0.0000000000000000
    -0.0456279189823268     0.0000000000000000       -0.0506160512255025    -0.0000000000000000        0.0291982553126302    -0.0000000000000000
    -0.0403934898765196    -0.0000000000000000        0.0233211922453487    -0.0000000000000000       -0.0079919821339083    -0.0000000000000000
    2    4
     0.0020705313710956    -0.0000000000000000       -0.0456279189823268     0.0000000000000000       -0.0505728617119904     0.0000000000000000
    -0.0456279189823268     0.0000000000000000       -0.0506160512255025    -0.0000000000000000        0.0291982553126302    -0.0000000000000000
    -0.0403934898765196     0.0000000000000000        0.0233211922453487    -0.0000000000000000       -0.0079919821339083    -0.0000000000000000
    3    1
     0.0020705313710956    -0.0000000000000000       -0.0456279189823268    -0.0000000000000000        0.0403934898765196    -0.0000000000000000
    -0.0456279189823268    -0.0000000000000000       -0.0506160512255025     0.0000000000000000       -0.0233211922453487     0.0000000000000000
     0.0505728617119904    -0.0000000000000000       -0.0291982553126302    -0.0000000000000000       -0.0079919821339083     0.0000000000000000
    3    2
     0.0020705313710956     0.0000000000000000       -0.0456279189823268    -0.0000000000000000       -0.0403934898765196     0.0000000000000000
    -0.0456279189823268    -0.0000000000000000       -0.0506160512255025     0.0000000000000000        0.0233211922453487     0.0000000000000000
    -0.0505728617119904     0.0000000000000000        0.0291982553126302     0.0000000000000000       -0.0079919821339083    -0.0000000000000000
    3    3
     0.1900282910341593    -0.0000000000000000       -0.0058575228217751    -0.0000000000000000        0.0000000000000000     0.0000000000000000
    -0.0058575228217751     0.0000000000000000        0.1832646061443385     0.0000000000000000        0.0000000000000000    -0.0000000000000000
     0.0000000000000000    -0.0000000000000000        0.0000000000000000    -0.0000000000000000        0.1188217174561121     0.0000000000000000
    3    4
     0.0061499345054993    -0.0000000000000000        0.0067192259495164    -0.0000000000000000       -0.0000000000000000    -0.0000000000000000
     0.0067192259495164    -0.0000000000000000        0.0139086283197000    -0.0000000000000000       -0.0000000000000000     0.0000000000000000
    -0.0000000000000000    -0.0000000000000000        0.0000000000000000    -0.0000000000000000        0.0009338313081977    -0.0000000000000000
    4    1
     0.0020705313710956     0.0000000000000000       -0.0456279189823268    -0.0000000000000000        0.0403934898765196     0.0000000000000000
    -0.0456279189823268    -0.0000000000000000       -0.0506160512255025     0.0000000000000000       -0.0233211922453487    -0.0000000000000000
     0.0505728617119904     0.0000000000000000       -0.0291982553126302    -0.0000000000000000       -0.0079919821339083     0.0000000000000000
    4    2
     0.0020705313710956     0.0000000000000000       -0.0456279189823268    -0.0000000000000000       -0.0403934898765196    -0.0000000000000000
    -0.0456279189823268    -0.0000000000000000       -0.0506160512255025     0.0000000000000000        0.0233211922453487     0.0000000000000000
    -0.0505728617119904    -0.0000000000000000        0.0291982553126302     0.0000000000000000       -0.0079919821339083     0.0000000000000000
    4    3
     0.0061499345054993     0.0000000000000000        0.0067192259495164     0.0000000000000000       -0.0000000000000000    -0.0000000000000000
     0.0067192259495164     0.0000000000000000        0.0139086283197000     0.0000000000000000        0.0000000000000000     0.0000000000000000
    -0.0000000000000000     0.0000000000000000        0.0000000000000000     0.0000000000000000        0.0009338313081977     0.0000000000000000
    4    4
     0.1900282910341593     0.0000000000000000       -0.0058575228217751     0.0000000000000000        0.0000000000000000    -0.0000000000000000
    -0.0058575228217751    -0.0000000000000000        0.1832646061443385     0.0000000000000000        0.0000000000000000    -0.0000000000000000
     0.0000000000000000     0.0000000000000000        0.0000000000000000    -0.0000000000000000        0.1188217174561121    -0.0000000000000000

     Diagonalizing the dynamical matrix

     q = (    -0.000000000000    -0.567040001000     0.000000000000 )

***************************************************************************
   freq (    1) =     1.30388763 [THz] =    43.49300348 [cm-1]
(  -0.000000  0.000000  -0.108737 -0.000000  -0.604205 -0.000000 )
(  -0.000000  0.000000  -0.108737 -0.000000   0.604205  0.000000 )
(   0.000000 -0.000000  -0.350873 -0.000000  -0.000000 -0.000000 )
(  -0.000000 -0.000000   0.350873  0.000000  -0.000000 -0.000000 )
   freq (    2) =     1.76977610 [THz] =    59.03336783 [cm-1]
(   0.517868  0.000000   0.000000 -0.000000  -0.000000 -0.000000 )
(   0.517868 -0.000000  -0.000000 -0.000000   0.000000  0.000000 )
(  -0.481469  0.000000  -0.000000 -0.000000   0.000000 -0.000000 )
(   0.481469  0.000000   0.000000  0.000000  -0.000000 -0.000000 )
   freq (    3) =     2.20567217 [THz] =    73.57329363 [cm-1]
(  -0.000000  0.000000   0.356404  0.000000  -0.054706 -0.000000 )
(  -0.000000 -0.000000  -0.356404 -0.000000  -0.054706 -0.000000 )
(   0.000000  0.000000   0.000000  0.000000   0.608263  0.000000 )
(  -0.000000  0.000000  -0.000000 -0.000000  -0.608263 -0.000000 )
   freq (    4) =     3.39072440 [THz] =   113.10237555 [cm-1]
(  -0.000000  0.000000  -0.000000  0.000000  -0.000000 -0.000000 )
(   0.000000 -0.000000  -0.000000 -0.000000  -0.000000 -0.000000 )
(  -0.000000 -0.000000   0.000000 -0.000000   0.707107 -0.000000 )
(  -0.000000 -0.000000   0.000000 -0.000000   0.707107 -0.000000 )
   freq (    5) =     3.97596386 [THz] =   132.62385968 [cm-1]
(  -0.000000  0.000000  -0.000000 -0.000000  -0.000000 -0.000000 )
(  -0.000000 -0.000000   0.000000  0.000000  -0.000000 -0.000000 )
(   0.705467  0.048126   0.000000  0.000000   0.000000  0.000000 )
(   0.705467  0.048126   0.000000  0.000000   0.000000 -0.000000 )
   freq (    6) =     4.31750825 [THz] =   144.01655276 [cm-1]
(   0.000000  0.000000   0.000000 -0.000000   0.000000  0.000000 )
(   0.000000  0.000000  -0.000000 -0.000000   0.000000  0.000000 )
(  -0.000000  0.000000   0.707107 -0.000000  -0.000000 -0.000000 )
(  -0.000000  0.000000   0.707107 -0.000000  -0.000000 -0.000000 )
   freq (    7) =     4.34022190 [THz] =   144.77419831 [cm-1]
(   0.000000  0.000000  -0.093741  0.000000  -0.700857  0.000000 )
(   0.000000 -0.000000   0.093741 -0.000000  -0.700857  0.000000 )
(  -0.000000  0.000000   0.000000 -0.000000  -0.003462  0.000000 )
(  -0.000000  0.000000   0.000000 -0.000000   0.003462 -0.000000 )
   freq (    8) =     5.23307029 [THz] =   174.55641050 [cm-1]
(   0.000000  0.000000  -0.348187  0.000000   0.516903 -0.000000 )
(  -0.000000  0.000000  -0.348187  0.000000  -0.516903  0.000000 )
(  -0.000000  0.000000  -0.334031  0.000000  -0.000000  0.000000 )
(  -0.000000  0.000000   0.334031 -0.000000  -0.000000  0.000000 )
   freq (    9) =     6.67825856 [THz] =   222.76269558 [cm-1]
(  -0.000000  0.000000   0.662716  0.000000   0.148471  0.000000 )
(  -0.000000 -0.000000   0.662716  0.000000  -0.148471 -0.000000 )
(  -0.000000 -0.000000  -0.196884 -0.000000   0.000000 -0.000000 )
(   0.000000 -0.000000   0.196884  0.000000  -0.000000  0.000000 )
   freq (   10) =     7.03361718 [THz] =   234.61618161 [cm-1]
(  -0.707107  0.000000   0.000000 -0.000000  -0.000000  0.000000 )
(   0.707107 -0.000000  -0.000000  0.000000  -0.000000  0.000000 )
(   0.000000  0.000000   0.000000  0.000000  -0.000000  0.000000 )
(  -0.000000  0.000000  -0.000000 -0.000000   0.000000 -0.000000 )
   freq (   11) =     7.20822291 [THz] =   240.44040097 [cm-1]
(  -0.642565  0.000000  -0.000000 -0.000000  -0.000000 -0.000000 )
(  -0.642565  0.000000  -0.000000 -0.000000  -0.000000  0.000000 )
(  -0.295144 -0.000000   0.000000  0.000000  -0.000000 -0.000000 )
(   0.295144  0.000000  -0.000000 -0.000000   0.000000  0.000000 )
   freq (   12) =     7.55667921 [THz] =   252.06365016 [cm-1]
(   0.000000  0.000000   0.679704 -0.000000  -0.088905  0.000000 )
(  -0.000000 -0.000000  -0.679704  0.000000  -0.088905  0.000000 )
(   0.000000 -0.000000   0.000000 -0.000000  -0.173488  0.000000 )
(  -0.000000 -0.000000   0.000000  0.000000   0.173488 -0.000000 )
***************************************************************************
