Dynamical matrix file
File generated with the CellConstructor by Lorenzo Monacelli
2 4 0     7.7856715999999997     0.0000000000000000     0.0000000000000000     0.0000000000000000     0.0000000000000000     0.0000000000000000
Basis vectors
    1.0181826119999999    -0.0000000000000000     0.0000000000000000
   -0.5090913060000000     0.8817720080000000     0.0000000000000000
   -0.0000000000000000     0.0000000000000000     1.1922574730000000
	1  'Cr '  47391.5460091019995161
	2  'Sb '  110977.4510409100039396
    1     1    -0.0000000000000000     0.0000000000000000    -0.0000000000000000
    2     1     0.0000000000000000     0.0000000000000000     0.5961287367000000
    3     2    -0.0000000005000000     0.5878480057000000     0.2980643683000000
    4     2     0.5090913067000000     0.2939240024000000     0.8941931050000000

     Dynamical Matrix in cartesian axes

     q = (     0.000000000000     0.000000000000    -0.419372502000 )

    1    1
     0.1869146616504972    -0.0000000000000000       -0.0000000000000000     0.0000000000000000        0.0000000000000000    -0.0000000000000000
    -0.0000000000000000     0.0000000000000000        0.1869146615163564     0.0000000000000000        0.0000000000000001     0.0000000000000000
     0.0000000000000000    -0.0000000000000000        0.0000000000000001     0.0000000000000000        0.1903932265177604    -0.0000000000000000
    1    2
    -0.0000000000000000    -0.0000000000000000       -0.0000000000000000    -0.0000000000000000        0.0000000000000000     0.0000000000000000
    -0.0000000000000000    -0.0000000000000000        0.0000000000000000    -0.0000000000000000        0.0000000000000000     0.0000000000000000
     0.0000000000000000    -0.0000000000000000        0.0000000000000000    -0.0000000000000000       -0.0000000000000000     0.0000000000000000
    1    3
    -0.0704765144390548    -0.0000000000000000        0.0000000000000000     0.0000000000000000       -0.0000000000000000     0.0000000000000000
    -0.0000000000000000     0.0000000000000000       -0.0704765143884768    -0.0000000000000000       -0.0000000000000000    -0.0000000000000000
    -0.0000000000000000     0.0000000000000000       -0.0000000000000001     0.0000000000000000       -0.0273619882486102     0.0000000000000000
    1    4
     0.0704765144390546    -0.0000000000000000       -0.0000000000000000    -0.0000000000000000       -0.0000000000000000     0.0000000000000000
    -0.0000000000000000     0.0000000000000000        0.0704765143884765    -0.0000000000000000        0.0000000000000000     0.0000000000000000
    -0.0000000000000000     0.0000000000000000        0.0000000000000001     0.0000000000000000        0.0273619882486101    -0.0000000000000000
    2    1
    -0.0000000000000000     0.0000000000000000       -0.0000000000000000    -0.0000000000000000       -0.0000000000000000    -0.0000000000000000
     0.0000000000000000     0.0000000000000000        0.0000000000000000     0.0000000000000000        0.0000000000000000     0.0000000000000000
     0.0000000000000000    -0.0000000000000000        0.0000000000000000     0.0000000000000000        0.0000000000000000    -0.0000000000000000
    2    2
     0.1869146616504973     0.0000000000000000       -0.0000000000000000    -0.0000000000000000       -0.0000000000000000     0.0000000000000000
    -0.0000000000000000    -0.0000000000000000        0.1869146615163564     0.0000000000000000       -0.0000000000000001    -0.0000000000000000
    -0.0000000000000000     0.0000000000000000       -0.0000000000000001     0.0000000000000000        0.1903932265177605    -0.0000000000000000
    2    3
    -0.0704765144390548     0.0000000000000000       -0.0000000000000000    -0.0000000000000000       -0.0000000000000000    -0.0000000000000000
     0.0000000000000000     0.0000000000000000       -0.0704765143884768     0.0000000000000000        0.0000000000000000     0.0000000000000000
     0.0000000000000000     0.0000000000000000        0.0000000000000001    -0.0000000000000000       -0.0273619882486102     0.0000000000000000
    2    4
    -0.0704765144390548     0.0000000000000000       -0.0000000000000000     0.0000000000000000        0.0000000000000000    -0.0000000000000000
     0.0000000000000000    -0.0000000000000000       -0.0704765143884768     0.0000000000000000        0.0000000000000000    -0.0000000000000000
     0.0000000000000000    -0.0000000000000000        0.0000000000000001    -0.0000000000000000       -0.0273619882486102     0.0000000000000000
    3    1
    -0.0704765144390548     0.0000000000000000       -0.0000000000000000    -0.0000000000000000       -0.0000000000000000     0.0000000000000000
     0.0000000000000000    -0.0000000000000000       -0.0704765143884768    -0.0000000000000000       -0.0000000000000001    -0.0000000000000000
    -0.0000000000000000    -0.0000000000000000       -0.0000000000000000     0.0000000000000000       -0.0273619882486102     0.0000000000000000
    3    2
    -0.0704765144390548    -0.0000000000000000        0.0000000000000000    -0.0000000000000000        0.0000000000000000    -0.0000000000000000
    -0.0000000000000000    -0.0000000000000000       -0.0704765143884768    -0.0000000000000000        0.0000000000000001     0.0000000000000000
    -0.0000000000000000    -0.0000000000000000        0.0000000000000000     0.0000000000000000       -0.0273619882486102    -0.0000000000000000
    3    3
     0.1749969365033457     0.0000000000000000       -0.0000000000000000     0.0000000000000000        0.0000000000000000     0.0000000000000000
    -0.0000000000000000     0.0000000000000000        0.1749969363777579     0.0000000000000000        0.0000000000000000     0.0000000000000000
     0.0000000000000000     0.0000000000000000       -0.0000000000000000    -0.0000000000000000        0.1302748591832838     0.0000000000000000
    3    4
     0.0000000000000000    -0.0000000000000000        0.0000000000000000     0.0000000000000000        0.0000000000000000     0.0000000000000000
     0.0000000000000000     0.0000000000000000        0.0000000000000000    -0.0000000000000000        0.0000000000000001    -0.0000000000000000
    -0.0000000000000000     0.0000000000000000        0.0000000000000001    -0.0000000000000000       -0.0000000000000000    -0.0000000000000000
    4    1
     0.0704765144390546     0.0000000000000000       -0.0000000000000000    -0.0000000000000000       -0.0000000000000000     0.0000000000000000
    -0.0000000000000000     0.0000000000000000        0.0704765143884765     0.0000000000000000        0.0000000000000001    -0.0000000000000000
     0.0000000000000000    -0.0000000000000000        0.0000000000000000    -0.0000000000000000        0.0273619882486101     0.0000000000000000
    4    2
    -0.0704765144390548    -0.0000000000000000        0.0000000000000000     0.0000000000000000        0.0000000000000000    -0.0000000000000000
     0.0000000000000000     0.0000000000000000       -0.0704765143884768    -0.0000000000000000        0.0000000000000001    -0.0000000000000000
    -0.0000000000000000     0.0000000000000000        0.0000000000000000    -0.0000000000000000       -0.0273619882486102    -0.0000000000000000
    4    3
    -0.0000000000000000     0.0000000000000000        0.0000000000000000    -0.0000000000000000       -0.0000000000000000    -0.0000000000000000
     0.0000000000000000     0.0000000000000000        0.0000000000000000     0.0000000000000000        0.0000000000000001     0.0000000000000000
     0.0000000000000000    -0.0000000000000000        0.0000000000000001     0.0000000000000000       -0.0000000000000000     0.0000000000000000
    4    4
     0.1749969365033457    -0.0000000000000000       -0.0000000000000000    -0.0000000000000000       -0.0000000000000000    -0.0000000000000000
    -0.0000000000000000    -0.0000000000000000        0.1749969363777578     0.0000000000000000       -0.0000000000000000     0.0000000000000000
     0.0000000000000000     0.0000000000000000       -0.0000000000000000     0.0000000000000000        0.1302748591832837    -0.0000000000000000

     Diagonalizing the dynamical matrix

     q = (     0.000000000000     0.000000000000    -0.419372502000 )

***************************************************************************
   freq (    1) =     3.20099248 [THz] =   106.77360080 [cm-1]
(   0.000000  0.000000   0.167584  0.001331   0.000000  0.000000 )
(   0.000000  0.000000   0.549360 -0.004421  -0.000000  0.000000 )
(   0.000000  0.000000   0.722515 -0.003114  -0.000000  0.000000 )
(  -0.000000  0.000000   0.384743 -0.005797  -0.000000  0.000000 )
   freq (    2) =     3.20099248 [THz] =   106.77360080 [cm-1]
(   0.000000  0.000000   0.549377 -0.000888   0.000000  0.000000 )
(   0.000000  0.000000  -0.167563  0.002951   0.000000 -0.000000 )
(   0.000000  0.000000   0.384781  0.002078   0.000000 -0.000000 )
(  -0.000000  0.000000  -0.722511  0.003869  -0.000000 -0.000000 )
   freq (    3) =     3.20099248 [THz] =   106.77360084 [cm-1]
(  -0.277311  0.000000   0.000000 -0.000000  -0.000000  0.000000 )
(  -0.502973  0.004245   0.000000 -0.000000  -0.000000 -0.000000 )
(  -0.786348  0.004277   0.000000 -0.000000  -0.000000  0.000000 )
(  -0.227416  0.004277  -0.000000  0.000000   0.000000 -0.000000 )
   freq (    4) =     3.20099248 [THz] =   106.77360084 [cm-1]
(  -0.502991  0.000000   0.000000  0.000000   0.000000 -0.000000 )
(   0.277301 -0.002340   0.000000  0.000000   0.000000  0.000000 )
(  -0.227444 -0.002358   0.000000  0.000000   0.000000 -0.000000 )
(   0.786356 -0.002358  -0.000000 -0.000000  -0.000000  0.000000 )
   freq (    5) =     3.41425156 [THz] =   113.88715706 [cm-1]
(   0.000000  0.000000  -0.000000 -0.000000   0.055821  0.000450 )
(  -0.000000  0.000000   0.000000 -0.000000   0.261675 -0.000145 )
(  -0.000000  0.000000   0.000000 -0.000000   0.808476  0.000775 )
(  -0.000000  0.000000   0.000000  0.000000   0.524189 -0.001516 )
   freq (    6) =     3.41425156 [THz] =   113.88715706 [cm-1]
(   0.000000  0.000000  -0.000000  0.000000   0.261639 -0.004380 )
(  -0.000000 -0.000000  -0.000000  0.000000  -0.055805  0.001415 )
(  -0.000000 -0.000000  -0.000000  0.000000   0.524137 -0.007549 )
(  -0.000000 -0.000000   0.000000 -0.000000  -0.808341  0.014756 )
   freq (    7) =     6.67301295 [THz] =   222.58772072 [cm-1]
(   0.000000  0.000000  -0.000000  0.000000   0.917114 -0.001551 )
(   0.000000 -0.000000  -0.000000 -0.000000  -0.380794  0.005395 )
(  -0.000000  0.000000   0.000000  0.000000  -0.044971 -0.000322 )
(  -0.000000  0.000000  -0.000000  0.000000   0.108831 -0.000582 )
   freq (    8) =     6.67301295 [THz] =   222.58772072 [cm-1]
(  -0.000000  0.000000  -0.000000  0.000000   0.380827  0.001944 )
(   0.000000 -0.000000   0.000000 -0.000000   0.917090 -0.006760 )
(  -0.000000  0.000000  -0.000000  0.000000  -0.108832  0.000404 )
(  -0.000000  0.000000  -0.000000  0.000000  -0.044966  0.000730 )
   freq (    9) =     7.03611842 [THz] =   234.69961371 [cm-1]
(  -0.000000  0.000000   0.955174 -0.000866   0.000000  0.000000 )
(  -0.000000  0.000000  -0.072450  0.003031   0.000000 -0.000000 )
(   0.000000 -0.000000  -0.187025 -0.000459  -0.000000  0.000000 )
(   0.000000 -0.000000   0.217725 -0.000826   0.000000 -0.000000 )
   freq (   10) =     7.03611842 [THz] =   234.69961371 [cm-1]
(  -0.000000  0.000000   0.072476  0.002343  -0.000000 -0.000000 )
(   0.000000 -0.000000   0.955139 -0.008201  -0.000000  0.000000 )
(  -0.000000  0.000000  -0.217723  0.001241   0.000000 -0.000000 )
(  -0.000000  0.000000  -0.187012  0.002234   0.000000  0.000000 )
   freq (   11) =     7.03611842 [THz] =   234.69961379 [cm-1]
(   0.492423  0.000000  -0.000000  0.000000   0.000000 -0.000000 )
(  -0.821663  0.002432   0.000000 -0.000000   0.000000  0.000000 )
(   0.069757 -0.000515   0.000000  0.000000  -0.000000  0.000000 )
(   0.278418 -0.000515  -0.000000  0.000000   0.000000 -0.000000 )
   freq (   12) =     7.03611842 [THz] =   234.69961379 [cm-1]
(  -0.821667  0.000000  -0.000000  0.000000   0.000000 -0.000000 )
(  -0.492421  0.001458   0.000000 -0.000000  -0.000000  0.000000 )
(   0.278419 -0.000309   0.000000  0.000000  -0.000000 -0.000000 )
(  -0.069758 -0.000309  -0.000000  0.000000   0.000000 -0.000000 )
***************************************************************************
