Dynamical matrix file
File generated with the CellConstructor by Lorenzo Monacelli
2 4 0     7.7856715999999997     0.0000000000000000     0.0000000000000000     0.0000000000000000     0.0000000000000000     0.0000000000000000
Basis vectors
    1.0181826119999999    -0.0000000000000000     0.0000000000000000
   -0.5090913060000000     0.8817720080000000     0.0000000000000000
   -0.0000000000000000     0.0000000000000000     1.1922574730000000
	1  'Cr '  47391.5460091019995161
	2  'Sb '  110977.4510409100039396
    1     1    -0.0000000000000000     0.0000000000000000    -0.0000000000000000
    2     1     0.0000000000000000     0.0000000000000000     0.5961287367000000
    3     2    -0.0000000005000000     0.5878480057000000     0.2980643683000000
    4     2     0.5090913067000000     0.2939240024000000     0.8941931050000000

     Dynamical Matrix in cartesian axes

     q = (     0.000000000000     0.000000000000     0.000000000000 )

    1    1
     0.1953649430399123     0.0000000000000000        0.0000000000000000     0.0000000000000000        0.0000000000000000     0.0000000000000000
     0.0000000000000000     0.0000000000000000        0.1953649428997070     0.0000000000000000        0.0000000000000001     0.0000000000000000
     0.0000000000000000     0.0000000000000000        0.0000000000000001     0.0000000000000000        0.0661677862017386     0.0000000000000000
    1    2
    -0.0358765980544140     0.0000000000000000        0.0000000000000000     0.0000000000000000       -0.0000000000000000     0.0000000000000000
     0.0000000000000000     0.0000000000000000       -0.0358765980286668     0.0000000000000000       -0.0000000000000000     0.0000000000000000
     0.0000000000000000     0.0000000000000000        0.0000000000000000     0.0000000000000000       -0.0107575336952368     0.0000000000000000
    1    3
    -0.0797441724701786     0.0000000000000000       -0.0000000000000000     0.0000000000000000        0.0000000000000000     0.0000000000000000
    -0.0000000000000000     0.0000000000000000       -0.0797441724129496     0.0000000000000000       -0.0000000000000000     0.0000000000000000
    -0.0000000000000000     0.0000000000000000       -0.0000000000000000     0.0000000000000000       -0.0277051262675535     0.0000000000000000
    1    4
    -0.0797441724701786     0.0000000000000000       -0.0000000000000000     0.0000000000000000        0.0000000000000000     0.0000000000000000
    -0.0000000000000000     0.0000000000000000       -0.0797441724129496     0.0000000000000000       -0.0000000000000000     0.0000000000000000
     0.0000000000000000     0.0000000000000000       -0.0000000000000000     0.0000000000000000       -0.0277051262675535     0.0000000000000000
    2    1
    -0.0358765980544140     0.0000000000000000        0.0000000000000000     0.0000000000000000        0.0000000000000000     0.0000000000000000
     0.0000000000000000     0.0000000000000000       -0.0358765980286668     0.0000000000000000        0.0000000000000000     0.0000000000000000
    -0.0000000000000000     0.0000000000000000       -0.0000000000000000     0.0000000000000000       -0.0107575336952368     0.0000000000000000
    2    2
     0.1953649430399123     0.0000000000000000        0.0000000000000000     0.0000000000000000        0.0000000000000000     0.0000000000000000
    -0.0000000000000000     0.0000000000000000        0.1953649428997070     0.0000000000000000       -0.0000000000000001     0.0000000000000000
    -0.0000000000000000     0.0000000000000000       -0.0000000000000001     0.0000000000000000        0.0661677862017386     0.0000000000000000
    2    3
    -0.0797441724701786     0.0000000000000000        0.0000000000000000     0.0000000000000000       -0.0000000000000000     0.0000000000000000
     0.0000000000000000     0.0000000000000000       -0.0797441724129496     0.0000000000000000        0.0000000000000000     0.0000000000000000
     0.0000000000000000     0.0000000000000000        0.0000000000000000     0.0000000000000000       -0.0277051262675535     0.0000000000000000
    2    4
    -0.0797441724701786     0.0000000000000000       -0.0000000000000000     0.0000000000000000       -0.0000000000000000     0.0000000000000000
    -0.0000000000000000     0.0000000000000000       -0.0797441724129496     0.0000000000000000        0.0000000000000000     0.0000000000000000
    -0.0000000000000000     0.0000000000000000        0.0000000000000000     0.0000000000000000       -0.0277051262675535     0.0000000000000000
    3    1
    -0.0797441724701786     0.0000000000000000        0.0000000000000000     0.0000000000000000       -0.0000000000000000     0.0000000000000000
    -0.0000000000000000     0.0000000000000000       -0.0797441724129496     0.0000000000000000       -0.0000000000000000     0.0000000000000000
     0.0000000000000000     0.0000000000000000       -0.0000000000000000     0.0000000000000000       -0.0277051262675535     0.0000000000000000
    3    2
    -0.0797441724701786     0.0000000000000000        0.0000000000000000     0.0000000000000000        0.0000000000000000     0.0000000000000000
     0.0000000000000000     0.0000000000000000       -0.0797441724129496     0.0000000000000000        0.0000000000000000     0.0000000000000000
    -0.0000000000000000     0.0000000000000000        0.0000000000000000     0.0000000000000000       -0.0277051262675535     0.0000000000000000
    3    3
     0.1729864162684238     0.0000000000000000       -0.0000000000000000     0.0000000000000000       -0.0000000000000000     0.0000000000000000
     0.0000000000000000     0.0000000000000000        0.1729864161442788     0.0000000000000000        0.0000000000000000     0.0000000000000000
    -0.0000000000000000     0.0000000000000000       -0.0000000000000000     0.0000000000000000        0.1238118326124359     0.0000000000000000
    3    4
    -0.0134980713732077     0.0000000000000000        0.0000000000000000     0.0000000000000000        0.0000000000000000     0.0000000000000000
     0.0000000000000000     0.0000000000000000       -0.0134980713635207     0.0000000000000000        0.0000000000000000     0.0000000000000000
    -0.0000000000000000     0.0000000000000000        0.0000000000000000     0.0000000000000000       -0.0684015800487236     0.0000000000000000
    4    1
    -0.0797441724701786     0.0000000000000000       -0.0000000000000000     0.0000000000000000        0.0000000000000000     0.0000000000000000
     0.0000000000000000     0.0000000000000000       -0.0797441724129495     0.0000000000000000       -0.0000000000000000     0.0000000000000000
     0.0000000000000000     0.0000000000000000       -0.0000000000000000     0.0000000000000000       -0.0277051262675535     0.0000000000000000
    4    2
    -0.0797441724701786     0.0000000000000000       -0.0000000000000000     0.0000000000000000       -0.0000000000000000     0.0000000000000000
     0.0000000000000000     0.0000000000000000       -0.0797441724129495     0.0000000000000000        0.0000000000000000     0.0000000000000000
     0.0000000000000000     0.0000000000000000        0.0000000000000000     0.0000000000000000       -0.0277051262675535     0.0000000000000000
    4    3
    -0.0134980713732077     0.0000000000000000        0.0000000000000000     0.0000000000000000        0.0000000000000000     0.0000000000000000
     0.0000000000000000     0.0000000000000000       -0.0134980713635208     0.0000000000000000        0.0000000000000000     0.0000000000000000
    -0.0000000000000000     0.0000000000000000        0.0000000000000000     0.0000000000000000       -0.0684015800487236     0.0000000000000000
    4    4
     0.1729864162684238     0.0000000000000000       -0.0000000000000000     0.0000000000000000       -0.0000000000000000     0.0000000000000000
    -0.0000000000000000     0.0000000000000000        0.1729864161442788     0.0000000000000000        0.0000000000000000     0.0000000000000000
    -0.0000000000000000     0.0000000000000000       -0.0000000000000000     0.0000000000000000        0.1238118326124359     0.0000000000000000

     Diagonalizing the dynamical matrix

     q = (     0.000000000000     0.000000000000     0.000000000000 )

***************************************************************************
   freq (    1) =    -0.00000015 [THz] =    -0.00000506 [cm-1]
(   0.491913  0.000000  -0.089559  0.000000   0.000577  0.000000 )
(   0.491913  0.000000  -0.089559  0.000000   0.000577  0.000000 )
(   0.491913  0.000000  -0.089559  0.000000   0.000577  0.000000 )
(   0.491913  0.000000  -0.089559  0.000000   0.000577  0.000000 )
   freq (    2) =     0.00000006 [THz] =     0.00000192 [cm-1]
(   0.034446  0.000000   0.192166  0.000000   0.460310  0.000000 )
(   0.034446  0.000000   0.192166  0.000000   0.460310  0.000000 )
(   0.034446  0.000000   0.192166  0.000000   0.460310  0.000000 )
(   0.034446  0.000000   0.192166  0.000000   0.460310  0.000000 )
   freq (    3) =     0.00000012 [THz] =     0.00000386 [cm-1]
(  -0.082672  0.000000  -0.452826  0.000000   0.195228  0.000000 )
(  -0.082672  0.000000  -0.452826  0.000000   0.195228  0.000000 )
(  -0.082672  0.000000  -0.452826  0.000000   0.195228  0.000000 )
(  -0.082672  0.000000  -0.452826  0.000000   0.195228  0.000000 )
   freq (    4) =     4.19140369 [THz] =   139.81015802 [cm-1]
(  -0.000000  0.000000  -0.000000  0.000000   0.707107  0.000000 )
(   0.000000  0.000000  -0.000000  0.000000  -0.707107  0.000000 )
(  -0.000000  0.000000  -0.000000  0.000000  -0.000000  0.000000 )
(   0.000000  0.000000   0.000000  0.000000  -0.000000  0.000000 )
   freq (    5) =     4.24949782 [THz] =   141.74796940 [cm-1]
(   0.000000  0.000000  -0.000000  0.000000   0.650294  0.000000 )
(   0.000000  0.000000   0.000000  0.000000   0.650294  0.000000 )
(  -0.000000  0.000000  -0.000000  0.000000  -0.277700  0.000000 )
(   0.000000  0.000000   0.000000  0.000000  -0.277700  0.000000 )
   freq (    6) =     4.26460938 [THz] =   142.25203640 [cm-1]
(  -0.000000  0.000000   0.000000  0.000000  -0.000000  0.000000 )
(  -0.000000  0.000000   0.000000  0.000000  -0.000000  0.000000 )
(  -0.000001  0.000000  -0.707107  0.000000   0.000000  0.000000 )
(   0.000001  0.000000   0.707107  0.000000   0.000000  0.000000 )
   freq (    7) =     4.26460938 [THz] =   142.25203645 [cm-1]
(   0.000000  0.000000   0.000000  0.000000  -0.000000  0.000000 )
(   0.000000  0.000000  -0.000000  0.000000  -0.000000  0.000000 )
(  -0.707107  0.000000   0.000001  0.000000   0.000000  0.000000 )
(   0.707107  0.000000  -0.000001  0.000000   0.000000  0.000000 )
   freq (    8) =     4.32961965 [THz] =   144.42054557 [cm-1]
(   0.000000  0.000000   0.000000  0.000000  -0.000000  0.000000 )
(   0.000000  0.000000   0.000000  0.000000  -0.000000  0.000000 )
(   0.000000  0.000000   0.000000  0.000000  -0.707107  0.000000 )
(  -0.000000  0.000000  -0.000000  0.000000   0.707107  0.000000 )
   freq (    9) =     7.20953114 [THz] =   240.48403876 [cm-1]
(   0.000000  0.000000  -0.650294  0.000000  -0.000000  0.000000 )
(   0.000000  0.000000  -0.650294  0.000000   0.000000  0.000000 )
(  -0.000000  0.000000   0.277700  0.000000   0.000000  0.000000 )
(  -0.000000  0.000000   0.277700  0.000000  -0.000000  0.000000 )
   freq (   10) =     7.20953114 [THz] =   240.48403884 [cm-1]
(  -0.650294  0.000000  -0.000000  0.000000  -0.000000  0.000000 )
(  -0.650294  0.000000  -0.000000  0.000000   0.000000  0.000000 )
(   0.277700  0.000000   0.000000  0.000000   0.000000  0.000000 )
(   0.277700  0.000000   0.000000  0.000000   0.000000  0.000000 )
   freq (   11) =     7.26704356 [THz] =   242.40244635 [cm-1]
(  -0.000000  0.000000  -0.707107  0.000000  -0.000000  0.000000 )
(   0.000000  0.000000   0.707107  0.000000  -0.000000  0.000000 )
(   0.000000  0.000000  -0.000000  0.000000   0.000000  0.000000 )
(   0.000000  0.000000  -0.000000  0.000000   0.000000  0.000000 )
   freq (   12) =     7.26704356 [THz] =   242.40244644 [cm-1]
(  -0.707107  0.000000   0.000000  0.000000   0.000000  0.000000 )
(   0.707107  0.000000  -0.000000  0.000000   0.000000  0.000000 )
(   0.000000  0.000000  -0.000000  0.000000  -0.000000  0.000000 )
(   0.000000  0.000000  -0.000000  0.000000  -0.000000  0.000000 )
***************************************************************************
