Dynamical matrix file
File generated with the CellConstructor by Lorenzo Monacelli
2 4 0     7.7856715999999997     0.0000000000000000     0.0000000000000000     0.0000000000000000     0.0000000000000000     0.0000000000000000
Basis vectors
    1.0181826119999999    -0.0000000000000000     0.0000000000000000
   -0.5090913060000000     0.8817720080000000     0.0000000000000000
   -0.0000000000000000     0.0000000000000000     1.1922574730000000
	1  'Cr '  47391.5460091019995161
	2  'Sb '  110977.4510409100039396
    1     1    -0.0000000000000000     0.0000000000000000    -0.0000000000000000
    2     1     0.0000000000000000     0.0000000000000000     0.5961287367000000
    3     2    -0.0000000005000000     0.5878480057000000     0.2980643683000000
    4     2     0.5090913067000000     0.2939240024000000     0.8941931050000000

     Dynamical Matrix in cartesian axes

     q = (    -0.000000000000    -0.567040001000    -0.419372502000 )

    1    1
     0.1787501901152081    -0.0000000000000000        0.0000000000000000     0.0000000000000000       -0.0000000000000000    -0.0000000000000000
     0.0000000000000000     0.0000000000000000        0.1869776358709389     0.0000000000000000       -0.0088107883970664    -0.0000000000000000
    -0.0000000000000000     0.0000000000000000       -0.0088107883970664     0.0000000000000000        0.1850470583048303    -0.0000000000000000
    1    2
    -0.0000000000000000     0.0000000000000000       -0.0000000000000000     0.0000000000000000        0.0000000000000000     0.0000000000000000
     0.0000000000000000    -0.0000000000000000       -0.0000000000000000    -0.0000000000000000        0.0000000000000000    -0.0000000000000000
     0.0000000000000000    -0.0000000000000000        0.0000000000000000     0.0000000000000000       -0.0000000000000000     0.0000000000000000
    1    3
     0.0830960325589420    -0.0000000000000000        0.0000000000000000     0.0000000000000000       -0.0000000000000000    -0.0000000000000000
     0.0000000000000000    -0.0000000000000000       -0.0241493911772649     0.0000000000000000       -0.0596222960529342    -0.0000000000000000
     0.0000000000000000    -0.0000000000000000       -0.0562232328526676     0.0000000000000000        0.0108537611272836     0.0000000000000000
    1    4
     0.0830960325589419    -0.0000000000000000        0.0000000000000000     0.0000000000000000       -0.0000000000000000     0.0000000000000000
     0.0000000000000000    -0.0000000000000000       -0.0241493911772648     0.0000000000000000       -0.0596222960529341     0.0000000000000000
    -0.0000000000000000     0.0000000000000000       -0.0562232328526675     0.0000000000000000        0.0108537611272835    -0.0000000000000000
    2    1
    -0.0000000000000000    -0.0000000000000000        0.0000000000000000    -0.0000000000000000       -0.0000000000000000     0.0000000000000000
     0.0000000000000000     0.0000000000000000       -0.0000000000000000     0.0000000000000000        0.0000000000000000    -0.0000000000000000
     0.0000000000000000    -0.0000000000000000        0.0000000000000000     0.0000000000000000        0.0000000000000000    -0.0000000000000000
    2    2
     0.1787501901152082     0.0000000000000000        0.0000000000000000    -0.0000000000000000       -0.0000000000000000     0.0000000000000000
     0.0000000000000000     0.0000000000000000        0.1869776358709389    -0.0000000000000000        0.0088107883970665     0.0000000000000000
    -0.0000000000000000     0.0000000000000000        0.0088107883970664     0.0000000000000000        0.1850470583048303     0.0000000000000000
    2    3
     0.0830960325589423    -0.0000000000000000       -0.0000000000000000    -0.0000000000000000       -0.0000000000000000     0.0000000000000000
     0.0000000000000000     0.0000000000000000       -0.0241493911772649     0.0000000000000000        0.0596222960529344    -0.0000000000000000
    -0.0000000000000000    -0.0000000000000000        0.0562232328526677    -0.0000000000000000        0.0108537611272836    -0.0000000000000000
    2    4
    -0.0830960325589422     0.0000000000000000        0.0000000000000000    -0.0000000000000000        0.0000000000000000    -0.0000000000000000
     0.0000000000000000    -0.0000000000000000        0.0241493911772649    -0.0000000000000000       -0.0596222960529343     0.0000000000000000
    -0.0000000000000000     0.0000000000000000       -0.0562232328526677     0.0000000000000000       -0.0108537611272836     0.0000000000000000
    3    1
     0.0830960325589420    -0.0000000000000000        0.0000000000000000    -0.0000000000000000        0.0000000000000000    -0.0000000000000000
     0.0000000000000000    -0.0000000000000000       -0.0241493911772649    -0.0000000000000000       -0.0562232328526676    -0.0000000000000000
     0.0000000000000000     0.0000000000000000       -0.0596222960529342     0.0000000000000000        0.0108537611272836     0.0000000000000000
    3    2
     0.0830960325589423     0.0000000000000000        0.0000000000000000    -0.0000000000000000       -0.0000000000000000     0.0000000000000000
    -0.0000000000000000    -0.0000000000000000       -0.0241493911772649    -0.0000000000000000        0.0562232328526678     0.0000000000000000
    -0.0000000000000000     0.0000000000000000        0.0596222960529344     0.0000000000000000        0.0108537611272836     0.0000000000000000
    3    3
     0.1826888955528048    -0.0000000000000000       -0.0000000000000000    -0.0000000000000000        0.0000000000000000    -0.0000000000000000
    -0.0000000000000000    -0.0000000000000000        0.1996282461217488     0.0000000000000000        0.0000000000000000    -0.0000000000000000
    -0.0000000000000000    -0.0000000000000000       -0.0000000000000000    -0.0000000000000000        0.1238537446538032     0.0000000000000000
    3    4
    -0.0000000000000000     0.0000000000000000       -0.0000000000000000    -0.0000000000000000       -0.0000000000000000     0.0000000000000000
    -0.0000000000000000    -0.0000000000000000       -0.0000000000000000     0.0000000000000000        0.0335482786723298    -0.0000000000000000
     0.0000000000000000     0.0000000000000000        0.0335482786723298    -0.0000000000000000        0.0000000000000000     0.0000000000000000
    4    1
     0.0830960325589419     0.0000000000000000        0.0000000000000000    -0.0000000000000000        0.0000000000000000    -0.0000000000000000
     0.0000000000000000    -0.0000000000000000       -0.0241493911772648    -0.0000000000000000       -0.0562232328526675    -0.0000000000000000
    -0.0000000000000000    -0.0000000000000000       -0.0596222960529341    -0.0000000000000000        0.0108537611272835     0.0000000000000000
    4    2
    -0.0830960325589422    -0.0000000000000000        0.0000000000000000     0.0000000000000000        0.0000000000000000    -0.0000000000000000
     0.0000000000000000    -0.0000000000000000        0.0241493911772649     0.0000000000000000       -0.0562232328526677    -0.0000000000000000
     0.0000000000000000     0.0000000000000000       -0.0596222960529343    -0.0000000000000000       -0.0108537611272836    -0.0000000000000000
    4    3
    -0.0000000000000000    -0.0000000000000000        0.0000000000000000     0.0000000000000000        0.0000000000000000     0.0000000000000000
    -0.0000000000000000    -0.0000000000000000        0.0000000000000000    -0.0000000000000000        0.0335482786723298     0.0000000000000000
    -0.0000000000000000    -0.0000000000000000        0.0335482786723298     0.0000000000000000        0.0000000000000000    -0.0000000000000000
    4    4
     0.1826888955528048     0.0000000000000000       -0.0000000000000000     0.0000000000000000       -0.0000000000000000     0.0000000000000000
    -0.0000000000000000    -0.0000000000000000        0.1996282461217488    -0.0000000000000000        0.0000000000000000     0.0000000000000000
    -0.0000000000000000     0.0000000000000000       -0.0000000000000000     0.0000000000000000        0.1238537446538031    -0.0000000000000000

     Dynamical Matrix in cartesian axes

     q = (     0.491071046000     0.283520000000     0.419372502000 )

    1    1
     0.1849207745326457     0.0000000000000000        0.0035625885731866     0.0000000000000000        0.0076303665819668     0.0000000000000000
     0.0035625885731866    -0.0000000000000000        0.1808070514579297     0.0000000000000000        0.0044053941985333     0.0000000000000000
     0.0076303665819668     0.0000000000000000        0.0044053941985333    -0.0000000000000000        0.1850470583048304     0.0000000000000000
    1    2
    -0.0000000000000000     0.0000000000000000       -0.0000000000000000    -0.0000000000000000       -0.0000000000000000     0.0000000000000000
    -0.0000000000000000    -0.0000000000000000       -0.0000000000000000    -0.0000000000000000       -0.0000000000000000    -0.0000000000000000
     0.0000000000000000    -0.0000000000000000        0.0000000000000000     0.0000000000000000       -0.0000000000000000    -0.0000000000000000
    1    3
    -0.0026619647437886     0.0000000000000000        0.0464386306884320    -0.0000000000000000       -0.0516344230323257    -0.0000000000000000
     0.0464386306884320    -0.0000000000000000       -0.0562846765801646     0.0000000000000000       -0.0298111480264672     0.0000000000000000
    -0.0486907479507697    -0.0000000000000000       -0.0281116164263339    -0.0000000000000000       -0.0108537611272836     0.0000000000000000
    1    4
    -0.0026619647437886    -0.0000000000000000        0.0464386306884318     0.0000000000000000       -0.0516344230323256    -0.0000000000000000
     0.0464386306884318     0.0000000000000000       -0.0562846765801644    -0.0000000000000000       -0.0298111480264671    -0.0000000000000000
    -0.0486907479507696    -0.0000000000000000       -0.0281116164263338    -0.0000000000000000       -0.0108537611272836    -0.0000000000000000
    2    1
    -0.0000000000000000    -0.0000000000000000        0.0000000000000000     0.0000000000000000        0.0000000000000000     0.0000000000000000
    -0.0000000000000000     0.0000000000000000       -0.0000000000000000     0.0000000000000000        0.0000000000000000    -0.0000000000000000
    -0.0000000000000000    -0.0000000000000000       -0.0000000000000000     0.0000000000000000        0.0000000000000001     0.0000000000000000
    2    2
     0.1849207745326457    -0.0000000000000000        0.0035625885731866    -0.0000000000000000       -0.0076303665819668    -0.0000000000000000
     0.0035625885731866     0.0000000000000000        0.1808070514579297    -0.0000000000000000       -0.0044053941985333     0.0000000000000000
    -0.0076303665819668    -0.0000000000000000       -0.0044053941985333    -0.0000000000000000        0.1850470583048304     0.0000000000000000
    2    3
    -0.0026619647437887     0.0000000000000000        0.0464386306884320     0.0000000000000000        0.0516344230323258     0.0000000000000000
     0.0464386306884320     0.0000000000000000       -0.0562846765801646    -0.0000000000000000        0.0298111480264672     0.0000000000000000
     0.0486907479507698     0.0000000000000000        0.0281116164263339     0.0000000000000000       -0.0108537611272836     0.0000000000000000
    2    4
     0.0026619647437886     0.0000000000000000       -0.0464386306884319    -0.0000000000000000       -0.0516344230323257    -0.0000000000000000
    -0.0464386306884319    -0.0000000000000000        0.0562846765801645     0.0000000000000000       -0.0298111480264671    -0.0000000000000000
    -0.0486907479507697    -0.0000000000000000       -0.0281116164263339    -0.0000000000000000        0.0108537611272836     0.0000000000000000
    3    1
    -0.0026619647437887     0.0000000000000000        0.0464386306884320     0.0000000000000000       -0.0486907479507697     0.0000000000000000
     0.0464386306884320    -0.0000000000000000       -0.0562846765801646     0.0000000000000000       -0.0281116164263339    -0.0000000000000000
    -0.0516344230323257     0.0000000000000000       -0.0298111480264672    -0.0000000000000000       -0.0108537611272836     0.0000000000000000
    3    2
    -0.0026619647437887    -0.0000000000000000        0.0464386306884320    -0.0000000000000000        0.0486907479507698    -0.0000000000000000
     0.0464386306884320    -0.0000000000000000       -0.0562846765801646     0.0000000000000000        0.0281116164263340    -0.0000000000000000
     0.0516344230323258    -0.0000000000000000        0.0298111480264672    -0.0000000000000000       -0.0108537611272836    -0.0000000000000000
    3    3
     0.1953934085869615     0.0000000000000000        0.0073349540175615     0.0000000000000000       -0.0000000000000000    -0.0000000000000000
     0.0073349540175615    -0.0000000000000000        0.1869237330967098    -0.0000000000000000        0.0000000000000000     0.0000000000000000
    -0.0000000000000000    -0.0000000000000000        0.0000000000000000     0.0000000000000000        0.1238537446538032    -0.0000000000000000
    3    4
     0.0000000000000000    -0.0000000000000000       -0.0000000000000000    -0.0000000000000000       -0.0290536615939027    -0.0000000000000000
    -0.0000000000000000    -0.0000000000000000       -0.0000000000000000    -0.0000000000000000       -0.0167741393361650    -0.0000000000000000
    -0.0290536615939027    -0.0000000000000000       -0.0167741393361650    -0.0000000000000000        0.0000000000000000     0.0000000000000000
    4    1
    -0.0026619647437886     0.0000000000000000        0.0464386306884319    -0.0000000000000000       -0.0486907479507696     0.0000000000000000
     0.0464386306884318    -0.0000000000000000       -0.0562846765801644     0.0000000000000000       -0.0281116164263338     0.0000000000000000
    -0.0516344230323256     0.0000000000000000       -0.0298111480264671     0.0000000000000000       -0.0108537611272836     0.0000000000000000
    4    2
     0.0026619647437886    -0.0000000000000000       -0.0464386306884319     0.0000000000000000       -0.0486907479507697     0.0000000000000000
    -0.0464386306884319     0.0000000000000000        0.0562846765801645    -0.0000000000000000       -0.0281116164263339     0.0000000000000000
    -0.0516344230323257     0.0000000000000000       -0.0298111480264671     0.0000000000000000        0.0108537611272836    -0.0000000000000000
    4    3
     0.0000000000000000     0.0000000000000000        0.0000000000000000     0.0000000000000000       -0.0290536615939027     0.0000000000000000
     0.0000000000000000     0.0000000000000000       -0.0000000000000000     0.0000000000000000       -0.0167741393361650     0.0000000000000000
    -0.0290536615939027     0.0000000000000000       -0.0167741393361650     0.0000000000000000        0.0000000000000000    -0.0000000000000000
    4    4
     0.1953934085869615     0.0000000000000000        0.0073349540175615     0.0000000000000000       -0.0000000000000000    -0.0000000000000000
     0.0073349540175615     0.0000000000000000        0.1869237330967098    -0.0000000000000000        0.0000000000000000    -0.0000000000000000
    -0.0000000000000000    -0.0000000000000000        0.0000000000000000    -0.0000000000000000        0.1238537446538032    -0.0000000000000000

     Dynamical Matrix in cartesian axes

     q = (    -0.491071046000     0.283520000000     0.419372502000 )

    1    1
     0.1849207745326457     0.0000000000000000       -0.0035625885731866    -0.0000000000000000       -0.0076303665819668    -0.0000000000000000
    -0.0035625885731865    -0.0000000000000000        0.1808070514579297    -0.0000000000000000        0.0044053941985333    -0.0000000000000000
    -0.0076303665819668    -0.0000000000000000        0.0044053941985333    -0.0000000000000000        0.1850470583048304    -0.0000000000000000
    1    2
    -0.0000000000000000     0.0000000000000000       -0.0000000000000000    -0.0000000000000000        0.0000000000000000     0.0000000000000000
     0.0000000000000000    -0.0000000000000000       -0.0000000000000000    -0.0000000000000000       -0.0000000000000000    -0.0000000000000000
    -0.0000000000000000    -0.0000000000000000        0.0000000000000000     0.0000000000000000       -0.0000000000000000    -0.0000000000000000
    1    3
    -0.0026619647437887    -0.0000000000000000       -0.0464386306884320     0.0000000000000000        0.0516344230323258     0.0000000000000000
    -0.0464386306884320    -0.0000000000000000       -0.0562846765801647    -0.0000000000000000       -0.0298111480264672     0.0000000000000000
     0.0486907479507698     0.0000000000000000       -0.0281116164263340     0.0000000000000000       -0.0108537611272836    -0.0000000000000000
    1    4
     0.0026619647437887     0.0000000000000000        0.0464386306884319     0.0000000000000000       -0.0516344230323257    -0.0000000000000000
     0.0464386306884319     0.0000000000000000        0.0562846765801645     0.0000000000000000        0.0298111480264671     0.0000000000000000
    -0.0486907479507697    -0.0000000000000000        0.0281116164263339     0.0000000000000000        0.0108537611272836     0.0000000000000000
    2    1
    -0.0000000000000000    -0.0000000000000000        0.0000000000000000     0.0000000000000000       -0.0000000000000000     0.0000000000000000
     0.0000000000000000     0.0000000000000000       -0.0000000000000000     0.0000000000000000        0.0000000000000000    -0.0000000000000000
     0.0000000000000000    -0.0000000000000000       -0.0000000000000000     0.0000000000000000        0.0000000000000000     0.0000000000000000
    2    2
     0.1849207745326457     0.0000000000000000       -0.0035625885731866    -0.0000000000000000        0.0076303665819668     0.0000000000000000
    -0.0035625885731866     0.0000000000000000        0.1808070514579297    -0.0000000000000000       -0.0044053941985334     0.0000000000000000
     0.0076303665819668    -0.0000000000000000       -0.0044053941985333     0.0000000000000000        0.1850470583048304    -0.0000000000000000
    2    3
    -0.0026619647437887     0.0000000000000000       -0.0464386306884320    -0.0000000000000000       -0.0516344230323257    -0.0000000000000000
    -0.0464386306884320    -0.0000000000000000       -0.0562846765801646    -0.0000000000000000        0.0298111480264672     0.0000000000000000
    -0.0486907479507697    -0.0000000000000000        0.0281116164263339     0.0000000000000000       -0.0108537611272836     0.0000000000000000
    2    4
    -0.0026619647437887    -0.0000000000000000       -0.0464386306884320    -0.0000000000000000       -0.0516344230323257    -0.0000000000000000
    -0.0464386306884320    -0.0000000000000000       -0.0562846765801646    -0.0000000000000000        0.0298111480264672     0.0000000000000000
    -0.0486907479507697    -0.0000000000000000        0.0281116164263339     0.0000000000000000       -0.0108537611272836    -0.0000000000000000
    3    1
    -0.0026619647437887     0.0000000000000000       -0.0464386306884320     0.0000000000000000        0.0486907479507698    -0.0000000000000000
    -0.0464386306884320    -0.0000000000000000       -0.0562846765801647    -0.0000000000000000       -0.0281116164263339     0.0000000000000000
     0.0516344230323258    -0.0000000000000000       -0.0298111480264672    -0.0000000000000000       -0.0108537611272836     0.0000000000000000
    3    2
    -0.0026619647437887    -0.0000000000000000       -0.0464386306884320     0.0000000000000000       -0.0486907479507697     0.0000000000000000
    -0.0464386306884320     0.0000000000000000       -0.0562846765801646     0.0000000000000000        0.0281116164263339    -0.0000000000000000
    -0.0516344230323257     0.0000000000000000        0.0298111480264672    -0.0000000000000000       -0.0108537611272836    -0.0000000000000000
    3    3
     0.1953934085869615    -0.0000000000000000       -0.0073349540175615     0.0000000000000000        0.0000000000000000     0.0000000000000000
    -0.0073349540175615     0.0000000000000000        0.1869237330967098    -0.0000000000000000        0.0000000000000000     0.0000000000000000
     0.0000000000000000     0.0000000000000000        0.0000000000000000    -0.0000000000000000        0.1238537446538032     0.0000000000000000
    3    4
    -0.0000000000000000     0.0000000000000000        0.0000000000000000    -0.0000000000000000       -0.0290536615939026    -0.0000000000000000
     0.0000000000000000    -0.0000000000000000        0.0000000000000000     0.0000000000000000        0.0167741393361650     0.0000000000000000
    -0.0290536615939026    -0.0000000000000000        0.0167741393361650     0.0000000000000000       -0.0000000000000000     0.0000000000000000
    4    1
     0.0026619647437887    -0.0000000000000000        0.0464386306884319    -0.0000000000000000       -0.0486907479507697     0.0000000000000000
     0.0464386306884319    -0.0000000000000000        0.0562846765801645    -0.0000000000000000        0.0281116164263339    -0.0000000000000000
    -0.0516344230323257     0.0000000000000000        0.0298111480264671    -0.0000000000000000        0.0108537611272836    -0.0000000000000000
    4    2
    -0.0026619647437887     0.0000000000000000       -0.0464386306884320     0.0000000000000000       -0.0486907479507697     0.0000000000000000
    -0.0464386306884320     0.0000000000000000       -0.0562846765801646     0.0000000000000000        0.0281116164263339    -0.0000000000000000
    -0.0516344230323257     0.0000000000000000        0.0298111480264672    -0.0000000000000000       -0.0108537611272836     0.0000000000000000
    4    3
    -0.0000000000000000    -0.0000000000000000        0.0000000000000000     0.0000000000000000       -0.0290536615939026     0.0000000000000000
     0.0000000000000000     0.0000000000000000        0.0000000000000000    -0.0000000000000000        0.0167741393361650    -0.0000000000000000
    -0.0290536615939026     0.0000000000000000        0.0167741393361650    -0.0000000000000000       -0.0000000000000000    -0.0000000000000000
    4    4
     0.1953934085869615     0.0000000000000000       -0.0073349540175614    -0.0000000000000000        0.0000000000000000    -0.0000000000000000
    -0.0073349540175615    -0.0000000000000000        0.1869237330967098     0.0000000000000000        0.0000000000000000    -0.0000000000000000
     0.0000000000000000     0.0000000000000000        0.0000000000000000     0.0000000000000000        0.1238537446538032    -0.0000000000000000

     Diagonalizing the dynamical matrix

     q = (    -0.000000000000    -0.567040001000    -0.419372502000 )

***************************************************************************
   freq (    1) =     2.65050668 [THz] =    88.41137357 [cm-1]
(  -0.000000  0.000000  -0.033917  0.000046   0.015288 -0.000021 )
(  -0.000000 -0.000000   0.404169  0.000226   0.182186  0.000102 )
(   0.000000  0.000000  -0.150243 -0.000110  -0.660508 -0.000271 )
(   0.000000 -0.000000   0.177768  0.000073   0.558235  0.000409 )
   freq (    2) =     2.65050668 [THz] =    88.41137357 [cm-1]
(  -0.000000  0.000000  -0.404169 -0.000013   0.182186  0.000006 )
(   0.000000  0.000000  -0.033917 -0.000066  -0.015288 -0.000030 )
(  -0.000000  0.000000   0.177768  0.000032  -0.558235  0.000079 )
(   0.000000 -0.000000   0.150243 -0.000021  -0.660508 -0.000119 )
   freq (    3) =     2.88892180 [THz] =    96.36404484 [cm-1]
(  -0.084172  0.000000  -0.000000  0.000000   0.000000  0.000000 )
(  -0.631418  0.003637  -0.000000  0.000000   0.000000  0.000000 )
(   0.612310 -0.003112   0.000000 -0.000000  -0.000000 -0.000000 )
(  -0.468263  0.003112   0.000000  0.000000  -0.000000  0.000000 )
   freq (    4) =     2.88892180 [THz] =    96.36404484 [cm-1]
(  -0.631429  0.000000   0.000000 -0.000000  -0.000000 -0.000000 )
(   0.084170 -0.000485  -0.000000 -0.000000  -0.000000 -0.000000 )
(   0.468273  0.000415  -0.000000  0.000000   0.000000  0.000000 )
(   0.612317 -0.000415  -0.000000 -0.000000   0.000000 -0.000000 )
   freq (    5) =     3.70223948 [THz] =   123.49339840 [cm-1]
(   0.000000  0.000000  -0.020078  0.000510  -0.027454  0.000697 )
(  -0.000000  0.000000   0.360338  0.000570  -0.492714 -0.000780 )
(  -0.000000 -0.000000   0.513787  0.001631  -0.133932 -0.000021 )
(  -0.000000  0.000000  -0.574423 -0.000091   0.119794  0.000380 )
   freq (    6) =     3.70223948 [THz] =   123.49339840 [cm-1]
(   0.000000  0.000000  -0.360338 -0.000510  -0.492714 -0.000697 )
(  -0.000000  0.000000  -0.020077 -0.000570   0.027452  0.000780 )
(   0.000000 -0.000000  -0.574421 -0.001631  -0.119794  0.000021 )
(  -0.000000  0.000000  -0.513790  0.000091  -0.133931 -0.000380 )
   freq (    7) =     6.87860626 [THz] =   229.44557463 [cm-1]
(  -0.000000  0.000000  -0.130588 -0.000020  -0.950231 -0.000143 )
(   0.000000 -0.000000  -0.001521  0.000138   0.011071 -0.001008 )
(   0.000000 -0.000000   0.201831 -0.000182   0.011395  0.000014 )
(  -0.000000  0.000000   0.197182  0.000242   0.011663 -0.000010 )
   freq (    8) =     6.87860626 [THz] =   229.44557463 [cm-1]
(  -0.000000  0.000000   0.001520  0.000151   0.011062  0.001100 )
(   0.000000 -0.000000  -0.130584 -0.001066   0.950199  0.007759 )
(   0.000000 -0.000000   0.197177  0.001398  -0.011663 -0.000107 )
(  -0.000000  0.000000  -0.201822 -0.001860   0.011394  0.000081 )
   freq (    9) =     6.96146105 [THz] =   232.20931249 [cm-1]
(  -0.000000  0.000000   0.467825 -0.000544  -0.097062  0.000113 )
(  -0.000000  0.000000   0.826197  0.002167   0.171415  0.000450 )
(  -0.000000  0.000000  -0.079366 -0.000100   0.061414  0.000465 )
(   0.000000 -0.000000   0.021980  0.000166  -0.221755 -0.000278 )
   freq (   10) =     6.96146105 [THz] =   232.20931249 [cm-1]
(  -0.000000  0.000000   0.826199  0.000518  -0.171416 -0.000108 )
(   0.000000 -0.000000  -0.467821 -0.002064  -0.097061 -0.000428 )
(   0.000000 -0.000000  -0.021980  0.000095  -0.221755 -0.000443 )
(  -0.000000  0.000000  -0.079366 -0.000158  -0.061415  0.000265 )
   freq (   11) =     7.09175847 [THz] =   236.55556583 [cm-1]
(   0.928248  0.000000   0.000000  0.000000  -0.000000 -0.000000 )
(  -0.166168  0.000875  -0.000000 -0.000000   0.000000 -0.000000 )
(   0.190165  0.000218  -0.000000  0.000000  -0.000000 -0.000000 )
(   0.273094 -0.000218  -0.000000 -0.000000  -0.000000  0.000000 )
   freq (   12) =     7.09175847 [THz] =   236.55556583 [cm-1]
(   0.166170  0.000000  -0.000000 -0.000000   0.000000  0.000000 )
(   0.928235 -0.004889   0.000000  0.000000   0.000000  0.000000 )
(   0.273091 -0.001220  -0.000000 -0.000000   0.000000  0.000000 )
(  -0.190161  0.001220   0.000000  0.000000   0.000000 -0.000000 )
***************************************************************************
